x,y,value
793303.4905844036,4721650.498437681,0.44460141652441804
793402.573153211,4721650.498437681,0.3343695449521455
793501.6557220183,4721650.498437681,0.3175579893671553
793600.7382908256,4721650.498437681,0.3375469005158041
793699.820859633,4721650.498437681,0.36515550960997245
793798.9034284403,4721650.498437681,0.36912027791895913
793897.9859972477,4721650.498437681,0.4037355689338833
793997.068566055,4721650.498437681,0.44885933671638767
794096.1511348623,4721650.498437681,0.5253665549425494
794195.2337036697,4721650.498437681,0.6063141638242672
794294.316272477,4721650.498437681,0.5842656270682172
794393.3988412843,4721650.498437681,0.5998425448303903
794492.4814100917,4721650.498437681,0.612572094797873
794591.563978899,4721650.498437681,0.6294704149080067
794690.6465477064,4721650.498437681,0.655185453678183
794789.7291165137,4721650.498437681,0.7245578838489523
794888.811685321,4721650.498437681,0.6531243330424044
794987.8942541284,4721650.498437681,0.6089594614065955
795086.9768229357,4721650.498437681,0.5996517954343845
795186.0593917432,4721650.498437681,0.6759526423529066
795285.1419605504,4721650.498437681,0.9135399647194237
795384.2245293577,4721650.498437681,1.1669247044588
795483.3070981652,4721650.498437681,1.432098892492188
795582.3896669724,4721650.498437681,1.4621688674002247
795681.4722357797,4721650.498437681,1.416819214736859
795780.5548045872,4721650.498437681,1.17265341921132
795879.6373733944,4721650.498437681,1.0790259124128445
795978.7199422019,4721650.498437681,0.919608238769377
796077.8025110092,4721650.498437681,0.8263635525470319
796176.8850798164,4721650.498437681,0.7406854530358937
796275.9676486239,4721650.498437681,0.710329716904995
796375.0502174312,4721650.498437681,0.7070867867152785
796474.1327862386,4721650.498437681,0.7250410719551034
796573.2153550459,4721650.498437681,0.7476759265513018
796672.2979238532,4721650.498437681,0.7679465467252307
796771.3804926606,4721650.498437681,0.8037993583245733
796870.4630614679,4721650.498437681,0.8249049974365479
796969.5456302752,4721650.498437681,0.8642473680477947
797068.6281990826,4721650.498437681,0.8995570431544935
797167.7107678899,4721650.498437681,0.8842367375962209
797266.7933366973,4721650.498437681,0.874587991491416
797365.8759055046,4721650.498437681,0.8740977981122369
797464.9584743119,4721650.498437681,0.893527645091855
797564.0410431193,4721650.498437681,0.8799840036167678
797663.1236119266,4721650.498437681,0.8818433457711521
797762.206180734,4721650.498437681,0.8897668056640741
797861.2887495413,4721650.498437681,0.8972518548863038
797960.3713183486,4721650.498437681,0.9085693140297629
798059.453887156,4721650.498437681,0.9257664962365817
798158.5364559633,4721650.498437681,0.9380532217268199
798257.6190247706,4721650.498437681,0.9447001936334978
798356.701593578,4721650.498437681,0.9467838058051876
798455.7841623853,4721650.498437681,0.9404108452958944
798554.8667311927,4721650.498437681,0.9427053132002292
798653.9493,4721650.498437681,0.9489630085329867
798753.0318688073,4721650.498437681,0.9555851855659435
798852.1144376147,4721650.498437681,0.9630178110003799
798951.197006422,4721650.498437681,0.9711654630463225
799050.2795752294,4721650.498437681,0.9802702285601609
799149.3621440367,4721650.498437681,0.9904216485945052
799248.444712844,4721650.498437681,1.0014493684383652
799347.5272816514,4721650.498437681,1.0132938452896292
799446.6098504587,4721650.498437681,1.0261685969707004
799545.692419266,4721650.498437681,1.0396696767533695
799644.7749880734,4721650.498437681,1.0535880854274728
799743.8575568807,4721650.498437681,1.0676373497342535
799842.9401256881,4721650.498437681,1.0815232289474461
799942.0226944954,4721650.498437681,1.0944478323610665
800041.1052633027,4721650.498437681,1.1065939991888927
800140.1878321101,4721650.498437681,1.1177168429833368
800239.2704009174,4721650.498437681,1.1270011211176418
800338.3529697248,4721650.498437681,1.1341946151277
800437.4355385321,4721650.498437681,1.1397215738340332
800536.5181073394,4721650.498437681,1.1428415512392993
800635.6006761468,4721650.498437681,1.1434698158338763
800734.6832449541,4721650.498437681,1.1422147124602775
800833.7658137614,4721650.498437681,1.1384835053989921
800932.8483825688,4721650.498437681,1.1323775160231984
801031.9309513761,4721650.498437681,1.1240623913594672
801131.0135201835,4721650.498437681,1.1143242710440533
801230.0960889908,4721650.498437681,1.1033596823811431
801329.1786577981,4721650.498437681,1.1035250768882785
801428.2612266055,4721650.498437681,1.099546409156488
801527.3437954128,4721650.498437681,1.4570666728261896
801626.4263642202,4721650.498437681,1.5139510273564356
801725.5089330275,4721650.498437681,1.340626322647004
801824.5915018348,4721650.498437681,1.2061302803353455
801923.6740706422,4721650.498437681,1.0236149082577897
802022.7566394495,4721650.498437681,1.0027880827690532
802121.8392082568,4721650.498437681,0.991953919329457
802220.9217770642,4721650.498437681,0.9775030472683365
802320.0043458715,4721650.498437681,0.9686238365525608
802419.0869146789,4721650.498437681,0.9606882124387573
802518.1694834862,4721650.498437681,0.9535588704770956
802617.2520522935,4721650.498437681,0.9470554133384501
802716.3346211009,4721650.498437681,0.9409501924424355
802815.4171899082,4721650.498437681,0.9350593249849376
802914.4997587156,4721650.498437681,0.9289365934581509
803013.5823275229,4721650.498437681,0.9226727979566474
803112.6648963302,4721650.498437681,0.9161414551771115
803211.7474651376,4721650.498437681,0.909406079832678
803310.8300339449,4721650.498437681,0.9024343219129035
803409.9126027522,4721650.498437681,0.8950900241716299
803508.9951715596,4721650.498437681,0.887436810386852
803608.0777403669,4721650.498437681,0.9325641421963925
803707.1603091743,4721650.498437681,0.9460441405014387
803806.2428779816,4721650.498437681,0.9373313191967991
803905.3254467889,4721650.498437681,0.9411881741317832
804004.4080155963,4721650.498437681,0.8828535114434453
793303.4905844036,4721551.947713044,0.549259208764363
793402.573153211,4721551.947713044,0.5287691780745988
793501.6557220183,4721551.947713044,0.39253726618423185
793600.7382908256,4721551.947713044,0.4066855000903128
793699.820859633,4721551.947713044,0.49456863786532773
793798.9034284403,4721551.947713044,0.5091323002682006
793897.9859972477,4721551.947713044,0.4931073074680306
793997.068566055,4721551.947713044,0.6074624778419323
794096.1511348623,4721551.947713044,0.7468043660079378
794195.2337036697,4721551.947713044,0.7835444877373005
794294.316272477,4721551.947713044,0.7568817763753918
794393.3988412843,4721551.947713044,0.6662936028567886
794492.4814100917,4721551.947713044,0.6902973880470696
794591.563978899,4721551.947713044,0.710670114314841
794690.6465477064,4721551.947713044,0.717930272441195
794789.7291165137,4721551.947713044,0.6586165166575677
794888.811685321,4721551.947713044,0.6150475313507219
794987.8942541284,4721551.947713044,0.6111416135410377
795086.9768229357,4721551.947713044,0.6818805274976593
795186.0593917432,4721551.947713044,0.8837809244875078
795285.1419605504,4721551.947713044,1.1713275651527415
795384.2245293577,4721551.947713044,1.6481589477229095
795483.3070981652,4721551.947713044,2.2140001322878873
795582.3896669724,4721551.947713044,2.1794225563825096
795681.4722357797,4721551.947713044,1.7913649890325511
795780.5548045872,4721551.947713044,1.397934936874037
795879.6373733944,4721551.947713044,1.207726865655049
795978.7199422019,4721551.947713044,1.1349826150255204
796077.8025110092,4721551.947713044,1.0654464800303007
796176.8850798164,4721551.947713044,0.9468853324102307
796275.9676486239,4721551.947713044,0.8513030724188902
796375.0502174312,4721551.947713044,0.833817929000946
796474.1327862386,4721551.947713044,0.7651863628778289
796573.2153550459,4721551.947713044,0.7567289129879572
796672.2979238532,4721551.947713044,0.7770365092079049
796771.3804926606,4721551.947713044,0.8175115292063394
796870.4630614679,4721551.947713044,0.845661279475666
796969.5456302752,4721551.947713044,0.9129034356951368
797068.6281990826,4721551.947713044,0.9235839375334585
797167.7107678899,4721551.947713044,0.9113368094464609
797266.7933366973,4721551.947713044,0.9439519309885307
797365.8759055046,4721551.947713044,0.9799617052111264
797464.9584743119,4721551.947713044,1.0035129195029906
797564.0410431193,4721551.947713044,0.9625083522848091
797663.1236119266,4721551.947713044,0.9004682141555619
797762.206180734,4721551.947713044,0.8967386618600665
797861.2887495413,4721551.947713044,0.904241888432548
797960.3713183486,4721551.947713044,0.9259466253622386
798059.453887156,4721551.947713044,0.9499049937464433
798158.5364559633,4721551.947713044,0.9630675072578325
798257.6190247706,4721551.947713044,0.9534435474998563
798356.701593578,4721551.947713044,0.9638033083039614
798455.7841623853,4721551.947713044,0.9594526886547433
798554.8667311927,4721551.947713044,0.9556673284685093
798653.9493,4721551.947713044,0.9583297004463731
798753.0318688073,4721551.947713044,0.9666403670722388
798852.1144376147,4721551.947713044,0.9760754150235746
798951.197006422,4721551.947713044,0.9865932734773828
799050.2795752294,4721551.947713044,0.9987266083079435
799149.3621440367,4721551.947713044,1.0121507109622256
799248.444712844,4721551.947713044,1.0268232532964139
799347.5272816514,4721551.947713044,1.0430146332270533
799446.6098504587,4721551.947713044,1.0602425637508133
799545.692419266,4721551.947713044,1.0786592015303227
799644.7749880734,4721551.947713044,1.0970305973501207
799743.8575568807,4721551.947713044,1.1154497826167882
799842.9401256881,4721551.947713044,1.133587521030083
799942.0226944954,4721551.947713044,1.1504754325942557
800041.1052633027,4721551.947713044,1.166373962886526
800140.1878321101,4721551.947713044,1.180283542273481
800239.2704009174,4721551.947713044,1.1925939817933071
800338.3529697248,4721551.947713044,1.2015601015692547
800437.4355385321,4721551.947713044,1.2092077160872223
800536.5181073394,4721551.947713044,1.2130910044018877
800635.6006761468,4721551.947713044,1.2138723963443205
800734.6832449541,4721551.947713044,1.2229601679470916
800833.7658137614,4721551.947713044,1.2288704460485305
800932.8483825688,4721551.947713044,1.2211322650220047
801031.9309513761,4721551.947713044,1.2051242258166694
801131.0135201835,4721551.947713044,1.192417320277589
801230.0960889908,4721551.947713044,1.205389292518411
801329.1786577981,4721551.947713044,1.2108951218847215
801428.2612266055,4721551.947713044,1.5160449346337648
801527.3437954128,4721551.947713044,1.8152210978874783
801626.4263642202,4721551.947713044,1.9669323164619816
801725.5089330275,4721551.947713044,1.6809422547569048
801824.5915018348,4721551.947713044,1.2856001567645747
801923.6740706422,4721551.947713044,1.0552493908993386
802022.7566394495,4721551.947713044,1.0272274533603498
802121.8392082568,4721551.947713044,1.0079851139029288
802220.9217770642,4721551.947713044,0.9949242450877547
802320.0043458715,4721551.947713044,0.9833576062490899
802419.0869146789,4721551.947713044,0.9731481779114084
802518.1694834862,4721551.947713044,0.9640077283849044
802617.2520522935,4721551.947713044,0.9560735495465008
802716.3346211009,4721551.947713044,0.9488554433690626
802815.4171899082,4721551.947713044,0.9423125534707856
802914.4997587156,4721551.947713044,0.9360011790001932
803013.5823275229,4721551.947713044,0.9296920181648243
803112.6648963302,4721551.947713044,0.9231496074016081
803211.7474651376,4721551.947713044,0.9163349299199782
803310.8300339449,4721551.947713044,0.909406079832678
803409.9126027522,4721551.947713044,0.902031165027446
803508.9951715596,4721551.947713044,0.8944692206289356
803608.0777403669,4721551.947713044,0.9156872838282373
803707.1603091743,4721551.947713044,0.9538396449487055
803806.2428779816,4721551.947713044,0.9615728164909376
803905.3254467889,4721551.947713044,0.9519720109781236
804004.4080155963,4721551.947713044,0.8784164956069904
793303.4905844036,4721453.396988406,0.5301017265072296
793402.573153211,4721453.396988406,0.4962644564666283
793501.6557220183,4721453.396988406,0.4015018557875856
793600.7382908256,4721453.396988406,0.46120540733747595
793699.820859633,4721453.396988406,0.5407406034588939
793798.9034284403,4721453.396988406,0.5402704062191265
793897.9859972477,4721453.396988406,0.6180467510345655
793997.068566055,4721453.396988406,0.6748932090273645
794096.1511348623,4721453.396988406,0.759334869398064
794195.2337036697,4721453.396988406,0.7992939634107619
794294.316272477,4721453.396988406,0.8127416395676281
794393.3988412843,4721453.396988406,0.7101419815957196
794492.4814100917,4721453.396988406,0.6881774822860164
794591.563978899,4721453.396988406,0.6924118517532045
794690.6465477064,4721453.396988406,0.6837512993513513
794789.7291165137,4721453.396988406,0.6035477013350695
794888.811685321,4721453.396988406,0.583097721700426
794987.8942541284,4721453.396988406,0.7194881772569431
795086.9768229357,4721453.396988406,0.9639820139786104
795186.0593917432,4721453.396988406,1.192338930725901
795285.1419605504,4721453.396988406,1.5171565267358216
795384.2245293577,4721453.396988406,2.6254799774813793
795483.3070981652,4721453.396988406,2.838705144976715
795582.3896669724,4721453.396988406,2.8442729093941215
795681.4722357797,4721453.396988406,3.3065482008633413
795780.5548045872,4721453.396988406,2.109163977680796
795879.6373733944,4721453.396988406,1.5396066086239202
795978.7199422019,4721453.396988406,1.289105679663422
796077.8025110092,4721453.396988406,1.3150972143149098
796176.8850798164,4721453.396988406,1.298043381932776
796275.9676486239,4721453.396988406,1.1077375965178209
796375.0502174312,4721453.396988406,1.0137281346633857
796474.1327862386,4721453.396988406,0.9794496983808211
796573.2153550459,4721453.396988406,0.8927467882190693
796672.2979238532,4721453.396988406,0.8492868835845112
796771.3804926606,4721453.396988406,0.8361459846477908
796870.4630614679,4721453.396988406,0.9599346453343223
796969.5456302752,4721453.396988406,1.0489707202041958
797068.6281990826,4721453.396988406,0.9878418654874528
797167.7107678899,4721453.396988406,0.9480917230547382
797266.7933366973,4721453.396988406,1.039357543144309
797365.8759055046,4721453.396988406,1.126036333832064
797464.9584743119,4721453.396988406,1.1180862044750461
797564.0410431193,4721453.396988406,1.0493836555927334
797663.1236119266,4721453.396988406,0.9542359465567809
797762.206180734,4721453.396988406,0.912522603821072
797861.2887495413,4721453.396988406,0.9356224166968374
797960.3713183486,4721453.396988406,0.9571957160773309
798059.453887156,4721453.396988406,0.9558962604313752
798158.5364559633,4721453.396988406,0.9658702205108608
798257.6190247706,4721453.396988406,0.9736417738276486
798356.701593578,4721453.396988406,0.9629034589258713
798455.7841623853,4721453.396988406,0.9621970371618631
798554.8667311927,4721453.396988406,0.9690372500831232
798653.9493,4721453.396988406,0.9729041292588723
798753.0318688073,4721453.396988406,0.9800819938539757
798852.1144376147,4721453.396988406,0.9921903249263377
798951.197006422,4721453.396988406,1.0063711265183164
799050.2795752294,4721453.396988406,1.022322280929982
799149.3621440367,4721453.396988406,1.040036962390518
799248.444712844,4721453.396988406,1.0598180464036495
799347.5272816514,4721453.396988406,1.0810428386865885
799446.6098504587,4721453.396988406,1.103895486007612
799545.692419266,4721453.396988406,1.1270011211176418
799644.7749880734,4721453.396988406,1.1511209717606294
799743.8575568807,4721453.396988406,1.1746462956520125
799842.9401256881,4721453.396988406,1.197796148209552
799942.0226944954,4721453.396988406,1.2193861399952706
800041.1052633027,4721453.396988406,1.2396996932665676
800140.1878321101,4721453.396988406,1.2574995842589276
800239.2704009174,4721453.396988406,1.272389674247394
800338.3529697248,4721453.396988406,1.2849679746650637
800437.4355385321,4721453.396988406,1.293285887631273
800536.5181073394,4721453.396988406,1.3056639583466783
800635.6006761468,4721453.396988406,1.329395619897354
800734.6832449541,4721453.396988406,1.3681903081200102
800833.7658137614,4721453.396988406,1.3524595635952912
800932.8483825688,4721453.396988406,1.319834550064604
801031.9309513761,4721453.396988406,1.299223162283233
801131.0135201835,4721453.396988406,1.293590457760718
801230.0960889908,4721453.396988406,1.3077770073723622
801329.1786577981,4721453.396988406,1.294771964479642
801428.2612266055,4721453.396988406,1.750950147275556
801527.3437954128,4721453.396988406,2.01550429612046
801626.4263642202,4721453.396988406,2.175964735677252
801725.5089330275,4721453.396988406,2.122214644349638
801824.5915018348,4721453.396988406,1.3562006893996739
801923.6740706422,4721453.396988406,1.1028530014424458
802022.7566394495,4721453.396988406,1.0548501837033846
802121.8392082568,4721453.396988406,1.0346409836018808
802220.9217770642,4721453.396988406,1.01740546547005
802320.0043458715,4721453.396988406,1.0019542206955028
802419.0869146789,4721453.396988406,0.9884818087652757
802518.1694834862,4721453.396988406,0.9767851271685782
802617.2520522935,4721453.396988406,0.9666403670722388
802716.3346211009,4721453.396988406,0.9578198028246315
802815.4171899082,4721453.396988406,0.9500496840883952
802914.4997587156,4721453.396988406,0.9430998012126944
803013.5823275229,4721453.396988406,0.9364726925456381
803112.6648963302,4721453.396988406,0.9298807677253704
803211.7474651376,4721453.396988406,0.9230542790291769
803310.8300339449,4721453.396988406,0.9240376659478152
803409.9126027522,4721453.396988406,0.9155289697322372
803508.9951715596,4721453.396988406,0.9012232061766852
803608.0777403669,4721453.396988406,0.9066409864169861
803707.1603091743,4721453.396988406,0.9453844292034604
803806.2428779816,4721453.396988406,0.9489945199269798
803905.3254467889,4721453.396988406,0.9053286118519743
804004.4080155963,4721453.396988406,0.8756750819708969
793303.4905844036,4721354.846263768,0.3966305323178964
793402.573153211,4721354.846263768,0.36654093107846525
793501.6557220183,4721354.846263768,0.2966606726597825
793600.7382908256,4721354.846263768,0.42972741878603343
793699.820859633,4721354.846263768,0.5137981374203049
793798.9034284403,4721354.846263768,0.5442594505284112
793897.9859972477,4721354.846263768,0.5446664265098795
793997.068566055,4721354.846263768,0.5861283489313643
794096.1511348623,4721354.846263768,0.6569115417306461
794195.2337036697,4721354.846263768,0.7208223420595358
794294.316272477,4721354.846263768,0.7226093113248451
794393.3988412843,4721354.846263768,0.5769935363290141
794492.4814100917,4721354.846263768,0.5398475643114136
794591.563978899,4721354.846263768,0.5282176194895709
794690.6465477064,4721354.846263768,0.5237362750014117
794789.7291165137,4721354.846263768,0.47876539637738935
794888.811685321,4721354.846263768,0.6005159928429615
794987.8942541284,4721354.846263768,0.7204897252487051
795086.9768229357,4721354.846263768,0.8993998257770507
795186.0593917432,4721354.846263768,1.2221764421912136
795285.1419605504,4721354.846263768,1.5401710095990835
795384.2245293577,4721354.846263768,2.8375287032091645
795483.3070981652,4721354.846263768,1.8963385007744944
795582.3896669724,4721354.846263768,1.7482591649517079
795681.4722357797,4721354.846263768,3.4618612522811705
795780.5548045872,4721354.846263768,2.280054175781599
795879.6373733944,4721354.846263768,1.7879578223348709
795978.7199422019,4721354.846263768,1.420674015019441
796077.8025110092,4721354.846263768,1.3789268896877838
796176.8850798164,4721354.846263768,1.427065417970635
796275.9676486239,4721354.846263768,1.3805264361009648
796375.0502174312,4721354.846263768,1.2786450207699962
796474.1327862386,4721354.846263768,1.3180432354798035
796573.2153550459,4721354.846263768,1.2574202695940706
796672.2979238532,4721354.846263768,1.1336863271742759
796771.3804926606,4721354.846263768,1.1992267451474923
796870.4630614679,4721354.846263768,1.1469527877178531
796969.5456302752,4721354.846263768,1.124884302246179
797068.6281990826,4721354.846263768,1.1189964874737894
797167.7107678899,4721354.846263768,1.023707171520264
797266.7933366973,4721354.846263768,1.1461098171675381
797365.8759055046,4721354.846263768,1.2319588494159146
797464.9584743119,4721354.846263768,1.237430913433874
797564.0410431193,4721354.846263768,1.1374447588266392
797663.1236119266,4721354.846263768,1.0035626667634394
797762.206180734,4721354.846263768,1.0157202466628912
797861.2887495413,4721354.846263768,1.03575506379459
797960.3713183486,4721354.846263768,0.99374843937744
798059.453887156,4721354.846263768,0.9817734699645877
798158.5364559633,4721354.846263768,0.9601623486890923
798257.6190247706,4721354.846263768,0.968085602718947
798356.701593578,4721354.846263768,0.9628938316258764
798455.7841623853,4721354.846263768,0.9715038410781586
798554.8667311927,4721354.846263768,0.9810666852933857
798653.9493,4721354.846263768,0.9873842569301223
798753.0318688073,4721354.846263768,0.9968024888424633
798852.1144376147,4721354.846263768,1.0127205490763667
798951.197006422,4721354.846263768,1.0311756781177392
799050.2795752294,4721354.846263768,1.0519700622399497
799149.3621440367,4721354.846263768,1.0753731096569632
799248.444712844,4721354.846263768,1.1012294061615233
799347.5272816514,4721354.846263768,1.1287808225999956
799446.6098504587,4721354.846263768,1.1576566618154722
799545.692419266,4721354.846263768,1.1874698992489328
799644.7749880734,4721354.846263768,1.217802943012097
799743.8575568807,4721354.846263768,1.2472469204417458
799842.9401256881,4721354.846263768,1.2759546338263714
799942.0226944954,4721354.846263768,1.3034203328833376
800041.1052633027,4721354.846263768,1.3328728245851378
800140.1878321101,4721354.846263768,1.3708830940782404
800239.2704009174,4721354.846263768,1.4037537706739462
800338.3529697248,4721354.846263768,1.4164197469646667
800437.4355385321,4721354.846263768,1.4195263150588198
800536.5181073394,4721354.846263768,1.4391975333931524
800635.6006761468,4721354.846263768,1.4567378134425804
800734.6832449541,4721354.846263768,1.4892963983342111
800833.7658137614,4721354.846263768,1.4841822019890292
800932.8483825688,4721354.846263768,1.4670343628295626
801031.9309513761,4721354.846263768,1.4711236349580759
801131.0135201835,4721354.846263768,1.4952668722037783
801230.0960889908,4721354.846263768,1.4936600498899244
801329.1786577981,4721354.846263768,1.4862925157291489
801428.2612266055,4721354.846263768,1.9041908250794848
801527.3437954128,4721354.846263768,2.273854529204818
801626.4263642202,4721354.846263768,2.5981001697343316
801725.5089330275,4721354.846263768,2.3518804521618666
801824.5915018348,4721354.846263768,1.6076226373899634
801923.6740706422,4721354.846263768,1.227221383085874
802022.7566394495,4721354.846263768,1.0960326536214595
802121.8392082568,4721354.846263768,1.0685296052647142
802220.9217770642,4721354.846263768,1.04567786718452
802320.0043458715,4721354.846263768,1.0255178638639721
802419.0869146789,4721354.846263768,1.007714075598241
802518.1694834862,4721354.846263768,0.9926391610188129
802617.2520522935,4721354.846263768,0.9795205473704255
802716.3346211009,4721354.846263768,0.9684687199762164
802815.4171899082,4721354.846263768,0.9588446524981836
802914.4997587156,4721354.846263768,0.9507117099154409
803013.5823275229,4721354.846263768,0.9432977218014355
803112.6648963302,4721354.846263768,0.9363783520279958
803211.7474651376,4721354.846263768,0.9376136420510478
803310.8300339449,4721354.846263768,0.9305311066645235
803409.9126027522,4721354.846263768,0.9423023238429681
803508.9951715596,4721354.846263768,1.0560489698365758
803608.0777403669,4721354.846263768,1.1179640029481779
803707.1603091743,4721354.846263768,1.0465829817255563
803806.2428779816,4721354.846263768,1.0216429801861964
803905.3254467889,4721354.846263768,0.9042502417065186
804004.4080155963,4721354.846263768,0.8783306556474664
793303.4905844036,4721256.29553913,0.22646859418801016
793402.573153211,4721256.29553913,0.2283401470914327
793501.6557220183,4721256.29553913,0.2604618234719232
793600.7382908256,4721256.29553913,0.3360335116536627
793699.820859633,4721256.29553913,0.428018078918202
793798.9034284403,4721256.29553913,0.4910589827590475
793897.9859972477,4721256.29553913,0.4499800963123374
793997.068566055,4721256.29553913,0.3783142456601345
794096.1511348623,4721256.29553913,0.4423204496212009
794195.2337036697,4721256.29553913,0.479167419955954
794294.316272477,4721256.29553913,0.4320826265849471
794393.3988412843,4721256.29553913,0.41342660958411576
794492.4814100917,4721256.29553913,0.4089053810404958
794591.563978899,4721256.29553913,0.411998139190682
794690.6465477064,4721256.29553913,0.40645908428546373
794789.7291165137,4721256.29553913,0.416470159847989
794888.811685321,4721256.29553913,0.5446810715599724
794987.8942541284,4721256.29553913,0.7267433101914091
795086.9768229357,4721256.29553913,0.8316994883419137
795186.0593917432,4721256.29553913,1.129124039236357
795285.1419605504,4721256.29553913,1.2339667580034235
795384.2245293577,4721256.29553913,1.7737223538721405
795483.3070981652,4721256.29553913,2.93965703590223
795582.3896669724,4721256.29553913,3.3011919096317746
795681.4722357797,4721256.29553913,2.7566313324973764
795780.5548045872,4721256.29553913,2.059534048701107
795879.6373733944,4721256.29553913,1.724066150082033
795978.7199422019,4721256.29553913,1.4522386297026615
796077.8025110092,4721256.29553913,1.3865602320855885
796176.8850798164,4721256.29553913,1.450437458842676
796275.9676486239,4721256.29553913,1.4914464767090534
796375.0502174312,4721256.29553913,1.5155764428373026
796474.1327862386,4721256.29553913,1.5388834078954208
796573.2153550459,4721256.29553913,1.5674962705840176
796672.2979238532,4721256.29553913,1.532356497782023
796771.3804926606,4721256.29553913,1.666815338374898
796870.4630614679,4721256.29553913,1.5420233356792525
796969.5456302752,4721256.29553913,1.4357102283324463
797068.6281990826,4721256.29553913,1.4676253244069333
797167.7107678899,4721256.29553913,1.3061523808289903
797266.7933366973,4721256.29553913,1.4467393324889761
797365.8759055046,4721256.29553913,1.587803180283112
797464.9584743119,4721256.29553913,1.8459864866988522
797564.0410431193,4721256.29553913,1.7218510266774265
797663.1236119266,4721256.29553913,1.2663607886506991
797762.206180734,4721256.29553913,1.1892068585340922
797861.2887495413,4721256.29553913,1.1134112480633425
797960.3713183486,4721256.29553913,1.0549833478054966
798059.453887156,4721256.29553913,1.0073960261984085
798158.5364559633,4721256.29553913,0.9694236287820746
798257.6190247706,4721256.29553913,0.9612859376861876
798356.701593578,4721256.29553913,0.9742074451475711
798455.7841623853,4721256.29553913,0.9832850040596545
798554.8667311927,4721256.29553913,0.9918042099686094
798653.9493,4721256.29553913,0.9999530076878813
798753.0318688073,4721256.29553913,1.0177058614008885
798852.1144376147,4721256.29553913,1.0411490617623456
798951.197006422,4721256.29553913,1.062382517468757
799050.2795752294,4721256.29553913,1.0893770837192047
799149.3621440367,4721256.29553913,1.1194312295722817
799248.444712844,4721256.29553913,1.1531704394884388
799347.5272816514,4721256.29553913,1.2040137136823847
799446.6098504587,4721256.29553913,1.2462855067966716
799545.692419266,4721256.29553913,1.2843716686504134
799644.7749880734,4721256.29553913,1.3315264668346654
799743.8575568807,4721256.29553913,1.3719051375545368
799842.9401256881,4721256.29553913,1.4048930802482513
799942.0226944954,4721256.29553913,1.4611171642502674
800041.1052633027,4721256.29553913,1.498978139607443
800140.1878321101,4721256.29553913,1.534780289047896
800239.2704009174,4721256.29553913,1.5460204356328628
800338.3529697248,4721256.29553913,1.5434021578280424
800437.4355385321,4721256.29553913,1.5448795934408501
800536.5181073394,4721256.29553913,1.5629912911963029
800635.6006761468,4721256.29553913,1.5781549584867127
800734.6832449541,4721256.29553913,1.5833326572182511
800833.7658137614,4721256.29553913,1.603981035840757
800932.8483825688,4721256.29553913,1.5993276619180072
801031.9309513761,4721256.29553913,1.6658410150954575
801131.0135201835,4721256.29553913,1.7083668848360736
801230.0960889908,4721256.29553913,1.7317125101758963
801329.1786577981,4721256.29553913,1.701981176570114
801428.2612266055,4721256.29553913,1.7009354808805301
801527.3437954128,4721256.29553913,2.2619268883524217
801626.4263642202,4721256.29553913,2.542243907145184
801725.5089330275,4721256.29553913,2.302525694325881
801824.5915018348,4721256.29553913,1.9595162375995712
801923.6740706422,4721256.29553913,1.4689209857491043
802022.7566394495,4721256.29553913,1.1908610666349517
802121.8392082568,4721256.29553913,1.110426826347855
802220.9217770642,4721256.29553913,1.0810428386865885
802320.0043458715,4721256.29553913,1.054813511924227
802419.0869146789,4721256.29553913,1.0318604670010814
802518.1694834862,4721256.29553913,1.0121507109622256
802617.2520522935,4721256.29553913,0.9953895697798822
802716.3346211009,4721256.29553913,0.9812196304116889
802815.4171899082,4721256.29553913,0.969248631623937
802914.4997587156,4721256.29553913,0.9592342427295196
803013.5823275229,4721256.29553913,0.9512030459973374
803112.6648963302,4721256.29553913,0.9429023354782895
803211.7474651376,4721256.29553913,0.9442234601133161
803310.8300339449,4721256.29553913,0.9831537390662075
803409.9126027522,4721256.29553913,1.2677985680866801
803508.9951715596,4721256.29553913,1.3227534070212466
803608.0777403669,4721256.29553913,1.3625280837473377
803707.1603091743,4721256.29553913,1.2360022304201916
803806.2428779816,4721256.29553913,1.0333932205982244
803905.3254467889,4721256.29553913,0.9770798586280572
804004.4080155963,4721256.29553913,0.8734304155955284
793303.4905844036,4721157.744814493,0.2151926410866914
793402.573153211,4721157.744814493,0.22325135315927222
793501.6557220183,4721157.744814493,0.2510341053616899
793600.7382908256,4721157.744814493,0.30003663529546465
793699.820859633,4721157.744814493,0.360574608711082
793798.9034284403,4721157.744814493,0.4068661281940582
793897.9859972477,4721157.744814493,0.37752463349518867
793997.068566055,4721157.744814493,0.34255519622296215
794096.1511348623,4721157.744814493,0.32076927737230004
794195.2337036697,4721157.744814493,0.3273693279633018
794294.316272477,4721157.744814493,0.34109128104121794
794393.3988412843,4721157.744814493,0.3598845558107419
794492.4814100917,4721157.744814493,0.3753411985717562
794591.563978899,4721157.744814493,0.3841745366087163
794690.6465477064,4721157.744814493,0.40159140049760567
794789.7291165137,4721157.744814493,0.4194985097954911
794888.811685321,4721157.744814493,0.4688699478728466
794987.8942541284,4721157.744814493,0.5975646564116388
795086.9768229357,4721157.744814493,0.8427660167441576
795186.0593917432,4721157.744814493,0.8454482561365907
795285.1419605504,4721157.744814493,0.9882089122918682
795384.2245293577,4721157.744814493,1.3236325928280055
795483.3070981652,4721157.744814493,1.48712404684921
795582.3896669724,4721157.744814493,1.7076216629921035
795681.4722357797,4721157.744814493,1.833501725962059
795780.5548045872,4721157.744814493,1.4417969769357737
795879.6373733944,4721157.744814493,1.2829057929637173
795978.7199422019,4721157.744814493,1.2812742552713225
796077.8025110092,4721157.744814493,1.4279185210330543
796176.8850798164,4721157.744814493,1.4725793150258082
796275.9676486239,4721157.744814493,1.565618109358933
796375.0502174312,4721157.744814493,1.7964627082263767
796474.1327862386,4721157.744814493,1.8017381219403985
796573.2153550459,4721157.744814493,1.6420424000966758
796672.2979238532,4721157.744814493,1.6572323385267087
796771.3804926606,4721157.744814493,1.6967884831758093
796870.4630614679,4721157.744814493,1.8902757240391774
796969.5456302752,4721157.744814493,1.8747062381234585
797068.6281990826,4721157.744814493,1.8742214927975227
797167.7107678899,4721157.744814493,1.693450431931779
797266.7933366973,4721157.744814493,1.7534313575694735
797365.8759055046,4721157.744814493,2.284033589110291
797464.9584743119,4721157.744814493,2.3900113748658787
797564.0410431193,4721157.744814493,2.2299874762981426
797663.1236119266,4721157.744814493,2.030618808473438
797762.206180734,4721157.744814493,1.4620415586537086
797861.2887495413,4721157.744814493,1.3265516255675187
797960.3713183486,4721157.744814493,1.1230211791794524
798059.453887156,4721157.744814493,1.005042250771744
798158.5364559633,4721157.744814493,0.9573848905262378
798257.6190247706,4721157.744814493,0.966315830022028
798356.701593578,4721157.744814493,0.9783673921346544
798455.7841623853,4721157.744814493,0.989006235441109
798554.8667311927,4721157.744814493,1.00240110794789
798653.9493,4721157.744814493,1.0207602150931403
798753.0318688073,4721157.744814493,1.0474661089201294
798852.1144376147,4721157.744814493,1.07450782917254
798951.197006422,4721157.744814493,1.115726419761014
799050.2795752294,4721157.744814493,1.1631239748787605
799149.3621440367,4721157.744814493,1.1959333358226278
799248.444712844,4721157.744814493,1.2521758835907761
799347.5272816514,4721157.744814493,1.3024433588608715
799446.6098504587,4721157.744814493,1.3461061493231656
799545.692419266,4721157.744814493,1.3956970458850426
799644.7749880734,4721157.744814493,1.4385576366736916
799743.8575568807,4721157.744814493,1.4818522199767374
799842.9401256881,4721157.744814493,1.5303335121241617
799942.0226944954,4721157.744814493,1.583817981121613
800041.1052633027,4721157.744814493,1.6231071731933226
800140.1878321101,4721157.744814493,1.8285427016743507
800239.2704009174,4721157.744814493,2.027689627064056
800338.3529697248,4721157.744814493,1.9382665330013618
800437.4355385321,4721157.744814493,1.6720883373290247
800536.5181073394,4721157.744814493,1.6688582712008784
800635.6006761468,4721157.744814493,1.6870860436768278
800734.6832449541,4721157.744814493,1.700758014595977
800833.7658137614,4721157.744814493,1.6831465135728954
800932.8483825688,4721157.744814493,1.7000986272837428
801031.9309513761,4721157.744814493,1.8148995372468693
801131.0135201835,4721157.744814493,1.821996989931525
801230.0960889908,4721157.744814493,1.8206652005557762
801329.1786577981,4721157.744814493,1.8142145920633768
801428.2612266055,4721157.744814493,1.6782163171129232
801527.3437954128,4721157.744814493,2.135056126937652
801626.4263642202,4721157.744814493,2.632511078434932
801725.5089330275,4721157.744814493,2.599177917232911
801824.5915018348,4721157.744814493,2.4409915555034725
801923.6740706422,4721157.744814493,2.2020553919771797
802022.7566394495,4721157.744814493,1.8224781583042529
802121.8392082568,4721157.744814493,1.517117560558945
802220.9217770642,4721157.744814493,1.1243163194886712
802320.0043458715,4721157.744814493,1.0913902911406304
802419.0869146789,4721157.744814493,1.061952206552256
802518.1694834862,4721157.744814493,1.0364128784113058
802617.2520522935,4721157.744814493,1.014742348856941
802716.3346211009,4721157.744814493,0.9965652238134926
802815.4171899082,4721157.744814493,0.9816032680554404
802914.4997587156,4721157.744814493,0.9807501101508309
803013.5823275229,4721157.744814493,0.9702489360259184
803112.6648963302,4721157.744814493,0.9788298147605381
803211.7474651376,4721157.744814493,1.0296311294036196
803310.8300339449,4721157.744814493,1.2107019743898038
803409.9126027522,4721157.744814493,1.4087205104388414
803508.9951715596,4721157.744814493,1.3721649338550204
803608.0777403669,4721157.744814493,1.4188807926563038
803707.1603091743,4721157.744814493,1.2871045886374937
803806.2428779816,4721157.744814493,1.0245757151333035
803905.3254467889,4721157.744814493,0.9598632603117148
804004.4080155963,4721157.744814493,0.8775643332240857
793303.4905844036,4721059.194089855,0.22559291808565515
793402.573153211,4721059.194089855,0.22700593253577103
793501.6557220183,4721059.194089855,0.23631854417119202
793600.7382908256,4721059.194089855,0.30095573313413965
793699.820859633,4721059.194089855,0.32125000738679366
793798.9034284403,4721059.194089855,0.3545418801106231
793897.9859972477,4721059.194089855,0.3266229029227778
793997.068566055,4721059.194089855,0.3066109385575938
794096.1511348623,4721059.194089855,0.30859650096017716
794195.2337036697,4721059.194089855,0.32250657182145087
794294.316272477,4721059.194089855,0.34120904153728027
794393.3988412843,4721059.194089855,0.35983206285131486
794492.4814100917,4721059.194089855,0.3737600835419555
794591.563978899,4721059.194089855,0.39124994094308724
794690.6465477064,4721059.194089855,0.40797844605926936
794789.7291165137,4721059.194089855,0.42617035608452813
794888.811685321,4721059.194089855,0.4414763740347712
794987.8942541284,4721059.194089855,0.5218153348240103
795086.9768229357,4721059.194089855,0.6932122589968274
795186.0593917432,4721059.194089855,0.7222003333655784
795285.1419605504,4721059.194089855,0.7657503043014817
795384.2245293577,4721059.194089855,0.8813346653420695
795483.3070981652,4721059.194089855,0.9133971100873035
795582.3896669724,4721059.194089855,0.9199062535806298
795681.4722357797,4721059.194089855,0.8159210547465208
795780.5548045872,4721059.194089855,0.8855551275774499
795879.6373733944,4721059.194089855,0.990636563597554
795978.7199422019,4721059.194089855,1.242192657685474
796077.8025110092,4721059.194089855,1.4189847475614494
796176.8850798164,4721059.194089855,1.5750529302583298
796275.9676486239,4721059.194089855,1.8531444491187525
796375.0502174312,4721059.194089855,2.1757353399927895
796474.1327862386,4721059.194089855,2.4478439595901915
796573.2153550459,4721059.194089855,2.3332623325489132
796672.2979238532,4721059.194089855,1.9411132980996293
796771.3804926606,4721059.194089855,1.7046584992214142
796870.4630614679,4721059.194089855,1.7333371928012227
796969.5456302752,4721059.194089855,1.782272262790081
797068.6281990826,4721059.194089855,1.7694885651132994
797167.7107678899,4721059.194089855,1.9456825074795419
797266.7933366973,4721059.194089855,2.211489444860904
797365.8759055046,4721059.194089855,2.6766689797032113
797464.9584743119,4721059.194089855,2.5626112460113983
797564.0410431193,4721059.194089855,2.558656736201105
797663.1236119266,4721059.194089855,2.5355585157276197
797762.206180734,4721059.194089855,1.9022879772540284
797861.2887495413,4721059.194089855,1.5773300103263166
797960.3713183486,4721059.194089855,1.2740665180824338
798059.453887156,4721059.194089855,0.99224739631666
798158.5364559633,4721059.194089855,0.9688485882438106
798257.6190247706,4721059.194089855,0.9843596754770686
798356.701593578,4721059.194089855,0.9977225327933597
798455.7841623853,4721059.194089855,1.014476050900045
798554.8667311927,4721059.194089855,1.025048829383574
798653.9493,4721059.194089855,1.0460627566606948
798753.0318688073,4721059.194089855,1.0840763851768422
798852.1144376147,4721059.194089855,1.1635539304371108
798951.197006422,4721059.194089855,1.2090247681162138
799050.2795752294,4721059.194089855,1.255114059251239
799149.3621440367,4721059.194089855,1.294084768492378
799248.444712844,4721059.194089855,1.3302768432379686
799347.5272816514,4721059.194089855,1.3893613927321873
799446.6098504587,4721059.194089855,1.441819950586153
799545.692419266,4721059.194089855,1.498089067671539
799644.7749880734,4721059.194089855,1.5429185074348728
799743.8575568807,4721059.194089855,1.5888005012401913
799842.9401256881,4721059.194089855,1.6390637726609654
799942.0226944954,4721059.194089855,1.6941886291419006
800041.1052633027,4721059.194089855,1.773982155508348
800140.1878321101,4721059.194089855,2.192482892334013
800239.2704009174,4721059.194089855,2.210088698744733
800338.3529697248,4721059.194089855,2.1958956033329353
800437.4355385321,4721059.194089855,2.0077971909123433
800536.5181073394,4721059.194089855,1.7489217964256196
800635.6006761468,4721059.194089855,1.7485564386387147
800734.6832449541,4721059.194089855,1.7449781881651296
800833.7658137614,4721059.194089855,1.7363489394932823
800932.8483825688,4721059.194089855,1.748031486384839
801031.9309513761,4721059.194089855,1.8347313079342342
801131.0135201835,4721059.194089855,1.9091572153745864
801230.0960889908,4721059.194089855,1.8824746834461066
801329.1786577981,4721059.194089855,1.7964919581603616
801428.2612266055,4721059.194089855,1.7587758666575923
801527.3437954128,4721059.194089855,2.1965147380174614
801626.4263642202,4721059.194089855,2.8079902955045566
801725.5089330275,4721059.194089855,3.020765455915046
801824.5915018348,4721059.194089855,3.804214441041864
801923.6740706422,4721059.194089855,3.399468309322623
802022.7566394495,4721059.194089855,2.4116720885712177
802121.8392082568,4721059.194089855,2.1872469124669474
802220.9217770642,4721059.194089855,1.4728269249267731
802320.0043458715,4721059.194089855,1.1538938384447177
802419.0869146789,4721059.194089855,1.0980726159749474
802518.1694834862,4721059.194089855,1.0658669841858401
802617.2520522935,4721059.194089855,1.0385743540377297
802716.3346211009,4721059.194089855,1.0153279092892602
802815.4171899082,4721059.194089855,0.9979142186117586
802914.4997587156,4721059.194089855,0.9940723527690777
803013.5823275229,4721059.194089855,1.003591661691553
803112.6648963302,4721059.194089855,1.2162394343755043
803211.7474651376,4721059.194089855,1.7502835126770653
803310.8300339449,4721059.194089855,2.0120798349268636
803409.9126027522,4721059.194089855,2.0670823229947137
803508.9951715596,4721059.194089855,1.5427155449715717
803608.0777403669,4721059.194089855,1.3789779342025767
803707.1603091743,4721059.194089855,1.1818693788592771
803806.2428779816,4721059.194089855,1.0054686061259552
803905.3254467889,4721059.194089855,0.8923895161947876
804004.4080155963,4721059.194089855,0.883361550784041
793303.4905844036,4720960.643365217,0.2284375024448094
793402.573153211,4720960.643365217,0.2298683341156078
793501.6557220183,4720960.643365217,0.24256887398681376
793600.7382908256,4720960.643365217,0.2562720036585941
793699.820859633,4720960.643365217,0.2739922212115491
793798.9034284403,4720960.643365217,0.28144963593228184
793897.9859972477,4720960.643365217,0.289926521588942
793997.068566055,4720960.643365217,0.2991485629035726
794096.1511348623,4720960.643365217,0.3127778900036596
794195.2337036697,4720960.643365217,0.3270281746487125
794294.316272477,4720960.643365217,0.3417690581935327
794393.3988412843,4720960.643365217,0.3613457777372205
794492.4814100917,4720960.643365217,0.3836096945800917
794591.563978899,4720960.643365217,0.4038693231158065
794690.6465477064,4720960.643365217,0.4221354338585846
794789.7291165137,4720960.643365217,0.42866243744373445
794888.811685321,4720960.643365217,0.44547129354722315
794987.8942541284,4720960.643365217,0.48630478835784324
795086.9768229357,4720960.643365217,0.6436667497264116
795186.0593917432,4720960.643365217,0.7287547912665594
795285.1419605504,4720960.643365217,0.7667943408057033
795384.2245293577,4720960.643365217,0.6391732017896572
795483.3070981652,4720960.643365217,0.6574867118657536
795582.3896669724,4720960.643365217,0.6945330067294812
795681.4722357797,4720960.643365217,0.7044976667404635
795780.5548045872,4720960.643365217,0.7581281749432972
795879.6373733944,4720960.643365217,0.7956661729718039
795978.7199422019,4720960.643365217,1.0294192791849561
796077.8025110092,4720960.643365217,1.5361924227754082
796176.8850798164,4720960.643365217,1.9317434375095228
796275.9676486239,4720960.643365217,2.5741985562461203
796375.0502174312,4720960.643365217,2.7075081463804556
796474.1327862386,4720960.643365217,2.6995662656016446
796573.2153550459,4720960.643365217,2.6976431529377614
796672.2979238532,4720960.643365217,1.9611502215963783
796771.3804926606,4720960.643365217,2.042719378093196
796870.4630614679,4720960.643365217,1.7993002203937962
796969.5456302752,4720960.643365217,1.7224452936137984
797068.6281990826,4720960.643365217,1.7156916994492453
797167.7107678899,4720960.643365217,2.30042120851221
797266.7933366973,4720960.643365217,2.6317653541706165
797365.8759055046,4720960.643365217,2.9225516846270354
797464.9584743119,4720960.643365217,2.878449707056667
797564.0410431193,4720960.643365217,2.52164471225685
797663.1236119266,4720960.643365217,2.261125759767198
797762.206180734,4720960.643365217,1.9099306712313306
797861.2887495413,4720960.643365217,1.779686933903035
797960.3713183486,4720960.643365217,1.4418873070428375
798059.453887156,4720960.643365217,1.135891143614554
798158.5364559633,4720960.643365217,0.995855274926895
798257.6190247706,4720960.643365217,0.9978334479104729
798356.701593578,4720960.643365217,1.0148766835542364
798455.7841623853,4720960.643365217,1.0337779090467396
798554.8667311927,4720960.643365217,1.0471326116274686
798653.9493,4720960.643365217,1.097445475511238
798753.0318688073,4720960.643365217,1.1596110080327229
798852.1144376147,4720960.643365217,1.234873081990167
798951.197006422,4720960.643365217,1.2852181532463474
799050.2795752294,4720960.643365217,1.323371502056688
799149.3621440367,4720960.643365217,1.3734894372505557
799248.444712844,4720960.643365217,1.408512807722756
799347.5272816514,4720960.643365217,1.4749150638235449
799446.6098504587,4720960.643365217,1.5306338621967335
799545.692419266,4720960.643365217,1.5805881154960246
799644.7749880734,4720960.643365217,1.6357288125983083
799743.8575568807,4720960.643365217,1.6884256047931294
799842.9401256881,4720960.643365217,1.7209054568764681
799942.0226944954,4720960.643365217,1.7614835137710976
800041.1052633027,4720960.643365217,1.876909174803079
800140.1878321101,4720960.643365217,2.2442950137289737
800239.2704009174,4720960.643365217,2.257660334072536
800338.3529697248,4720960.643365217,2.281767271049414
800437.4355385321,4720960.643365217,2.1779502018821524
800536.5181073394,4720960.643365217,1.8623132780023042
800635.6006761468,4720960.643365217,1.864546719788918
800734.6832449541,4720960.643365217,1.8611949082342578
800833.7658137614,4720960.643365217,1.8522088874076066
800932.8483825688,4720960.643365217,1.8498404352275628
801031.9309513761,4720960.643365217,1.8609341013067933
801131.0135201835,4720960.643365217,1.895467777754787
801230.0960889908,4720960.643365217,1.8534976796504459
801329.1786577981,4720960.643365217,1.7276652590637507
801428.2612266055,4720960.643365217,1.8932504691955399
801527.3437954128,4720960.643365217,2.3869507709200235
801626.4263642202,4720960.643365217,3.053039574856957
801725.5089330275,4720960.643365217,3.9371138944208206
801824.5915018348,4720960.643365217,4.318085094432629
801923.6740706422,4720960.643365217,4.372201010155425
802022.7566394495,4720960.643365217,3.831309793020351
802121.8392082568,4720960.643365217,2.8859303039138067
802220.9217770642,4720960.643365217,1.9589963535969233
802320.0043458715,4720960.643365217,1.2936317874962333
802419.0869146789,4720960.643365217,1.174276773048262
802518.1694834862,4720960.643365217,1.1012294061615233
802617.2520522935,4720960.643365217,1.0671929923018846
802716.3346211009,4720960.643365217,1.0399803190311867
802815.4171899082,4720960.643365217,1.0277664458507345
802914.4997587156,4720960.643365217,1.0742132413075935
803013.5823275229,4720960.643365217,1.1361870297028394
803112.6648963302,4720960.643365217,1.797938378581586
803211.7474651376,4720960.643365217,2.3246830133926455
803310.8300339449,4720960.643365217,2.512929021544573
803409.9126027522,4720960.643365217,2.2460991125532703
803508.9951715596,4720960.643365217,1.6164570824429814
803608.0777403669,4720960.643365217,1.162990887268272
803707.1603091743,4720960.643365217,0.9156606967498162
803806.2428779816,4720960.643365217,0.9073050276855014
803905.3254467889,4720960.643365217,0.8986239661198041
804004.4080155963,4720960.643365217,0.8888161616165259
793303.4905844036,4720862.09264058,0.23087846842050547
793402.573153211,4720862.09264058,0.2318410800826335
793501.6557220183,4720862.09264058,0.24594814764428277
793600.7382908256,4720862.09264058,0.2581611861315519
793699.820859633,4720862.09264058,0.2745148807014918
793798.9034284403,4720862.09264058,0.2870218874763348
793897.9859972477,4720862.09264058,0.29422420322929077
793997.068566055,4720862.09264058,0.3055696137067692
794096.1511348623,4720862.09264058,0.31686884460115106
794195.2337036697,4720862.09264058,0.33130551475920755
794294.316272477,4720862.09264058,0.3467319638008347
794393.3988412843,4720862.09264058,0.3675320365404724
794492.4814100917,4720862.09264058,0.39199129431549345
794591.563978899,4720862.09264058,0.4128052040506858
794690.6465477064,4720862.09264058,0.4311997794171766
794789.7291165137,4720862.09264058,0.44450703972641326
794888.811685321,4720862.09264058,0.45192657257857727
794987.8942541284,4720862.09264058,0.472297222416789
795086.9768229357,4720862.09264058,0.525532394248436
795186.0593917432,4720862.09264058,0.6009767544806859
795285.1419605504,4720862.09264058,0.5939860852920301
795384.2245293577,4720862.09264058,0.7122579177331558
795483.3070981652,4720862.09264058,0.7804205209610572
795582.3896669724,4720862.09264058,0.7042328148575803
795681.4722357797,4720862.09264058,0.6496466481912306
795780.5548045872,4720862.09264058,0.7610943749614103
795879.6373733944,4720862.09264058,0.7809812000069097
795978.7199422019,4720862.09264058,0.9741612899576259
796077.8025110092,4720862.09264058,1.4471500742838028
796176.8850798164,4720862.09264058,1.7287339196505724
796275.9676486239,4720862.09264058,2.4726531778350465
796375.0502174312,4720862.09264058,2.7124986591397517
796474.1327862386,4720862.09264058,2.2790001233260204
796573.2153550459,4720862.09264058,2.534167049728708
796672.2979238532,4720862.09264058,2.580619855948415
796771.3804926606,4720862.09264058,2.351542651868914
796870.4630614679,4720862.09264058,2.319106301387392
796969.5456302752,4720862.09264058,1.9271169246925075
797068.6281990826,4720862.09264058,1.7911612255869944
797167.7107678899,4720862.09264058,2.578093653985026
797266.7933366973,4720862.09264058,2.885233884402002
797365.8759055046,4720862.09264058,2.984339322035664
797464.9584743119,4720862.09264058,2.724214032743527
797564.0410431193,4720862.09264058,1.9381000675270792
797663.1236119266,4720862.09264058,1.8076387785185164
797762.206180734,4720862.09264058,1.9253247982338078
797861.2887495413,4720862.09264058,2.2726688863208016
797960.3713183486,4720862.09264058,1.9455138378569021
798059.453887156,4720862.09264058,1.2840603218428646
798158.5364559633,4720862.09264058,1.0570786896120075
798257.6190247706,4720862.09264058,1.0212117889655692
798356.701593578,4720862.09264058,1.0295146141945857
798455.7841623853,4720862.09264058,1.0650638542903996
798554.8667311927,4720862.09264058,1.09903482041563
798653.9493,4720862.09264058,1.1577140023440353
798753.0318688073,4720862.09264058,1.2011806739021775
798852.1144376147,4720862.09264058,1.2764357848145955
798951.197006422,4720862.09264058,1.3485421061532756
799050.2795752294,4720862.09264058,1.3912269730451425
799149.3621440367,4720862.09264058,1.4385524525563325
799248.444712844,4720862.09264058,1.4699845291387648
799347.5272816514,4720862.09264058,1.5210924931361514
799446.6098504587,4720862.09264058,1.5781359624071067
799545.692419266,4720862.09264058,1.6403746911087531
799644.7749880734,4720862.09264058,1.6982046044550014
799743.8575568807,4720862.09264058,1.7521309885663539
799842.9401256881,4720862.09264058,1.7993479747902046
799942.0226944954,4720862.09264058,1.8408819151664222
800041.1052633027,4720862.09264058,1.8767507687923894
800140.1878321101,4720862.09264058,2.255254297955999
800239.2704009174,4720862.09264058,2.3912625560869043
800338.3529697248,4720862.09264058,2.413583800060119
800437.4355385321,4720862.09264058,2.0148895888293157
800536.5181073394,4720862.09264058,1.9681733902813359
800635.6006761468,4720862.09264058,1.9701684000832829
800734.6832449541,4720862.09264058,1.967174133833403
800833.7658137614,4720862.09264058,1.9581280393910903
800932.8483825688,4720862.09264058,1.9438658394297224
801031.9309513761,4720862.09264058,1.9272585014746964
801131.0135201835,4720862.09264058,1.8985804586321677
801230.0960889908,4720862.09264058,1.8749110876756374
801329.1786577981,4720862.09264058,1.8351607006633441
801428.2612266055,4720862.09264058,1.9779947753881335
801527.3437954128,4720862.09264058,2.5450658972373454
801626.4263642202,4720862.09264058,3.132840448324584
801725.5089330275,4720862.09264058,4.255178827419193
801824.5915018348,4720862.09264058,3.926061540334114
801923.6740706422,4720862.09264058,4.979378028922112
802022.7566394495,4720862.09264058,5.956253805512281
802121.8392082568,4720862.09264058,5.419015733317378
802220.9217770642,4720862.09264058,4.257513197833712
802320.0043458715,4720862.09264058,2.500211447663973
802419.0869146789,4720862.09264058,1.591184358583041
802518.1694834862,4720862.09264058,1.1892114387333188
802617.2520522935,4720862.09264058,1.134931668714328
802716.3346211009,4720862.09264058,1.0934906828967519
802815.4171899082,4720862.09264058,1.0778068584940959
802914.4997587156,4720862.09264058,1.1182049911191927
803013.5823275229,4720862.09264058,1.1645503106801482
803112.6648963302,4720862.09264058,1.8443029713067194
803211.7474651376,4720862.09264058,2.3632836606304854
803310.8300339449,4720862.09264058,2.4132563028131
803409.9126027522,4720862.09264058,2.1937604063737792
803508.9951715596,4720862.09264058,1.3808307777055449
803608.0777403669,4720862.09264058,1.0735028046627395
803707.1603091743,4720862.09264058,0.9206835935522037
803806.2428779816,4720862.09264058,0.9123421054579375
803905.3254467889,4720862.09264058,0.90380231933841
804004.4080155963,4720862.09264058,0.8940545622337865
793303.4905844036,4720763.541915942,0.2250043973561583
793402.573153211,4720763.541915942,0.23424389898325684
793501.6557220183,4720763.541915942,0.2475735654422701
793600.7382908256,4720763.541915942,0.26015768789165394
793699.820859633,4720763.541915942,0.2753372978380046
793798.9034284403,4720763.541915942,0.28790318357751177
793897.9859972477,4720763.541915942,0.2972680265910577
793997.068566055,4720763.541915942,0.3093694198176061
794096.1511348623,4720763.541915942,0.32086436080310593
794195.2337036697,4720763.541915942,0.3356388000140077
794294.316272477,4720763.541915942,0.35093063678056563
794393.3988412843,4720763.541915942,0.3706259499086252
794492.4814100917,4720763.541915942,0.39920022605378613
794591.563978899,4720763.541915942,0.4183985894323726
794690.6465477064,4720763.541915942,0.4342150554969836
794789.7291165137,4720763.541915942,0.44833208144808095
794888.811685321,4720763.541915942,0.45960007639942513
794987.8942541284,4720763.541915942,0.479139386786476
795086.9768229357,4720763.541915942,0.5611216302890725
795186.0593917432,4720763.541915942,0.6067893067404975
795285.1419605504,4720763.541915942,0.7776721157861294
795384.2245293577,4720763.541915942,0.9175448554963843
795483.3070981652,4720763.541915942,0.9543539486880472
795582.3896669724,4720763.541915942,0.9482679868112373
795681.4722357797,4720763.541915942,0.6915864186782937
795780.5548045872,4720763.541915942,0.6792458576480332
795879.6373733944,4720763.541915942,0.7735074120985223
795978.7199422019,4720763.541915942,0.811677859922996
796077.8025110092,4720763.541915942,1.1687337626567211
796176.8850798164,4720763.541915942,1.3849134207662053
796275.9676486239,4720763.541915942,1.708168521070597
796375.0502174312,4720763.541915942,1.8713893881375614
796474.1327862386,4720763.541915942,1.8574332784297214
796573.2153550459,4720763.541915942,3.069948476689319
796672.2979238532,4720763.541915942,3.4198093924366035
796771.3804926606,4720763.541915942,3.8593203172848787
796870.4630614679,4720763.541915942,3.46929846166464
796969.5456302752,4720763.541915942,2.973813763367737
797068.6281990826,4720763.541915942,2.799758530035218
797167.7107678899,4720763.541915942,3.263064800345919
797266.7933366973,4720763.541915942,3.0133486272269736
797365.8759055046,4720763.541915942,2.9863436777691015
797464.9584743119,4720763.541915942,2.651540818180044
797564.0410431193,4720763.541915942,1.840742362923601
797663.1236119266,4720763.541915942,1.8046566880498647
797762.206180734,4720763.541915942,2.4824473157547633
797861.2887495413,4720763.541915942,2.7459309468253172
797960.3713183486,4720763.541915942,2.381952639163928
798059.453887156,4720763.541915942,1.6859710067556049
798158.5364559633,4720763.541915942,1.0722761479372982
798257.6190247706,4720763.541915942,1.056872452104007
798356.701593578,4720763.541915942,1.057148215945195
798455.7841623853,4720763.541915942,1.1067086849979522
798554.8667311927,4720763.541915942,1.1522364827849316
798653.9493,4720763.541915942,1.2072482716590205
798753.0318688073,4720763.541915942,1.2504828156594958
798852.1144376147,4720763.541915942,1.315261142607242
798951.197006422,4720763.541915942,1.3859847723654033
799050.2795752294,4720763.541915942,1.410665399206355
799149.3621440367,4720763.541915942,1.4680926098223717
799248.444712844,4720763.541915942,1.5403951179483386
799347.5272816514,4720763.541915942,1.6115469283929231
799446.6098504587,4720763.541915942,1.6789316485276171
799545.692419266,4720763.541915942,1.7437846468130018
799644.7749880734,4720763.541915942,1.8028490592969781
799743.8575568807,4720763.541915942,1.856710526374626
799842.9401256881,4720763.541915942,1.9028885712652535
799942.0226944954,4720763.541915942,1.9428381638973973
800041.1052633027,4720763.541915942,1.9771142965037862
800140.1878321101,4720763.541915942,2.0043368043499052
800239.2704009174,4720763.541915942,2.068258437754346
800338.3529697248,4720763.541915942,2.0446209649169442
800437.4355385321,4720763.541915942,2.0562077397417418
800536.5181073394,4720763.541915942,2.0624628573995802
800635.6006761468,4720763.541915942,2.0642411013267363
800734.6832449541,4720763.541915942,2.060680658089126
800833.7658137614,4720763.541915942,2.0526113440660816
800932.8483825688,4720763.541915942,2.112862230162688
801031.9309513761,4720763.541915942,2.1535616445833843
801131.0135201835,4720763.541915942,2.182672047165119
801230.0960889908,4720763.541915942,2.0801647031712642
801329.1786577981,4720763.541915942,2.018600822134791
801428.2612266055,4720763.541915942,2.0376951207428364
801527.3437954128,4720763.541915942,2.6064777132465053
801626.4263642202,4720763.541915942,3.0500001541714776
801725.5089330275,4720763.541915942,3.565096069925975
801824.5915018348,4720763.541915942,3.7146243201438325
801923.6740706422,4720763.541915942,4.263588972223285
802022.7566394495,4720763.541915942,6.927873054681903
802121.8392082568,4720763.541915942,8.431577491472963
802220.9217770642,4720763.541915942,7.14173802260912
802320.0043458715,4720763.541915942,3.6716977082443867
802419.0869146789,4720763.541915942,2.2407944671938633
802518.1694834862,4720763.541915942,1.3045209460628155
802617.2520522935,4720763.541915942,1.1850106472377147
802716.3346211009,4720763.541915942,1.1328220101293887
802815.4171899082,4720763.541915942,1.1467675694509036
802914.4997587156,4720763.541915942,1.6000454740082335
803013.5823275229,4720763.541915942,1.744369690900146
803112.6648963302,4720763.541915942,1.889397467814391
803211.7474651376,4720763.541915942,1.99719858251331
803310.8300339449,4720763.541915942,2.011916162817479
803409.9126027522,4720763.541915942,1.697438789238938
803508.9951715596,4720763.541915942,1.1965301507246904
803608.0777403669,4720763.541915942,0.9614751204391463
803707.1603091743,4720763.541915942,0.9255582957045552
803806.2428779816,4720763.541915942,0.917212574702536
803905.3254467889,4720763.541915942,0.9085962156422542
804004.4080155963,4720763.541915942,0.8988878009878442
793303.4905844036,4720664.991191304,0.23826871595638777
793402.573153211,4720664.991191304,0.2367576475133655
793501.6557220183,4720664.991191304,0.2500800281018926
793600.7382908256,4720664.991191304,0.2645601735760053
793699.820859633,4720664.991191304,0.27388760915870086
793798.9034284403,4720664.991191304,0.29455824682482323
793897.9859972477,4720664.991191304,0.3194627426672994
793997.068566055,4720664.991191304,0.313025478947904
794096.1511348623,4720664.991191304,0.32475950408722165
794195.2337036697,4720664.991191304,0.33955567581910784
794294.316272477,4720664.991191304,0.3551907705942019
794393.3988412843,4720664.991191304,0.3715457949891873
794492.4814100917,4720664.991191304,0.38941464271336707
794591.563978899,4720664.991191304,0.41785063449477505
794690.6465477064,4720664.991191304,0.4347498869356545
794789.7291165137,4720664.991191304,0.4491028587577892
794888.811685321,4720664.991191304,0.464781083765828
794987.8942541284,4720664.991191304,0.5034199173004312
795086.9768229357,4720664.991191304,0.5878390415255285
795186.0593917432,4720664.991191304,0.6199597751089212
795285.1419605504,4720664.991191304,0.8584442592279812
795384.2245293577,4720664.991191304,0.9665897902402774
795483.3070981652,4720664.991191304,0.9646992475577724
795582.3896669724,4720664.991191304,1.0114709727556
795681.4722357797,4720664.991191304,0.780485993500885
795780.5548045872,4720664.991191304,0.6900409162141252
795879.6373733944,4720664.991191304,0.6988510455601794
795978.7199422019,4720664.991191304,0.7251896781411843
796077.8025110092,4720664.991191304,0.8289865349751715
796176.8850798164,4720664.991191304,1.0975592243913166
796275.9676486239,4720664.991191304,1.094490743679399
796375.0502174312,4720664.991191304,1.064904733161215
796474.1327862386,4720664.991191304,1.5296746726937769
796573.2153550459,4720664.991191304,2.1203272841953886
796672.2979238532,4720664.991191304,3.713212353766895
796771.3804926606,4720664.991191304,4.324045928153289
796870.4630614679,4720664.991191304,3.962490222577964
796969.5456302752,4720664.991191304,4.823179432958617
797068.6281990826,4720664.991191304,4.80806207795283
797167.7107678899,4720664.991191304,4.515066389019982
797266.7933366973,4720664.991191304,3.9998378730895356
797365.8759055046,4720664.991191304,2.8773463146599845
797464.9584743119,4720664.991191304,2.2388324425841897
797564.0410431193,4720664.991191304,1.7879843028355853
797663.1236119266,4720664.991191304,1.8579768425496825
797762.206180734,4720664.991191304,2.6898684698414668
797861.2887495413,4720664.991191304,2.7462562133684503
797960.3713183486,4720664.991191304,2.4529044546784666
798059.453887156,4720664.991191304,1.860869625090873
798158.5364559633,4720664.991191304,1.1326613247459185
798257.6190247706,4720664.991191304,1.081207810762807
798356.701593578,4720664.991191304,1.1000445915973005
798455.7841623853,4720664.991191304,1.158514546752375
798554.8667311927,4720664.991191304,1.1986794159893313
798653.9493,4720664.991191304,1.2500000435235015
798753.0318688073,4720664.991191304,1.2914901925676328
798852.1144376147,4720664.991191304,1.3418908692680243
798951.197006422,4720664.991191304,1.40146874938442
799050.2795752294,4720664.991191304,1.4782270737699839
799149.3621440367,4720664.991191304,1.5556600045119926
799248.444712844,4720664.991191304,1.633156243545683
799347.5272816514,4720664.991191304,1.7078289717850605
799446.6098504587,4720664.991191304,1.7782139025613972
799545.692419266,4720664.991191304,1.8431553927188091
799644.7749880734,4720664.991191304,1.9007369802378828
799743.8575568807,4720664.991191304,1.9520442133764657
799842.9401256881,4720664.991191304,1.995683483599629
799942.0226944954,4720664.991191304,2.033461349706763
800041.1052633027,4720664.991191304,2.0651287455598797
800140.1878321101,4720664.991191304,2.0921699270941416
800239.2704009174,4720664.991191304,2.1133377425955873
800338.3529697248,4720664.991191304,2.1290698829303993
800437.4355385321,4720664.991191304,2.1404776314702705
800536.5181073394,4720664.991191304,2.146929497218328
800635.6006761468,4720664.991191304,2.154294965889026
800734.6832449541,4720664.991191304,2.160832166110306
800833.7658137614,4720664.991191304,2.1953471902642634
800932.8483825688,4720664.991191304,2.4006058459883652
801031.9309513761,4720664.991191304,2.5128609027793543
801131.0135201835,4720664.991191304,2.470897628530901
801230.0960889908,4720664.991191304,2.3822025256403965
801329.1786577981,4720664.991191304,2.21661516738828
801428.2612266055,4720664.991191304,2.0605183300632555
801527.3437954128,4720664.991191304,2.472060103024828
801626.4263642202,4720664.991191304,2.602658675567969
801725.5089330275,4720664.991191304,2.884216186219866
801824.5915018348,4720664.991191304,2.6943353098623763
801923.6740706422,4720664.991191304,4.01699810354765
802022.7566394495,4720664.991191304,7.389448352990516
802121.8392082568,4720664.991191304,8.285937164136703
802220.9217770642,4720664.991191304,8.106832182370256
802320.0043458715,4720664.991191304,3.964881414685905
802419.0869146789,4720664.991191304,2.3515006362618696
802518.1694834862,4720664.991191304,1.3421291279488046
802617.2520522935,4720664.991191304,1.2266428388983404
802716.3346211009,4720664.991191304,1.1791600552831814
802815.4171899082,4720664.991191304,1.616682017603461
802914.4997587156,4720664.991191304,2.099350313112034
803013.5823275229,4720664.991191304,2.098728848541101
803112.6648963302,4720664.991191304,1.8527029873507448
803211.7474651376,4720664.991191304,1.4388501873455568
803310.8300339449,4720664.991191304,1.2121170726783388
803409.9126027522,4720664.991191304,0.9980553383088374
803508.9951715596,4720664.991191304,0.9556469310194666
803608.0777403669,4720664.991191304,0.9382271842602166
803707.1603091743,4720664.991191304,0.9293143925393044
803806.2428779816,4720664.991191304,0.920952683240375
803905.3254467889,4720664.991191304,0.9123496159146566
804004.4080155963,4720664.991191304,0.9034398529867119
793303.4905844036,4720566.440466667,0.2527199717799219
793402.573153211,4720566.440466667,0.32422933739951004
793501.6557220183,4720566.440466667,0.3677306866486491
793600.7382908256,4720566.440466667,0.3379802720744161
793699.820859633,4720566.440466667,0.3231295738156122
793798.9034284403,4720566.440466667,0.34544559181806045
793897.9859972477,4720566.440466667,0.38256288408308475
793997.068566055,4720566.440466667,0.3977645917296489
794096.1511348623,4720566.440466667,0.3600310563764813
794195.2337036697,4720566.440466667,0.34351826122652845
794294.316272477,4720566.440466667,0.3593358162071517
794393.3988412843,4720566.440466667,0.37588170232416307
794492.4814100917,4720566.440466667,0.39318945612885264
794591.563978899,4720566.440466667,0.4112941583880986
794690.6465477064,4720566.440466667,0.43222242845974
794789.7291165137,4720566.440466667,0.45013342281454816
794888.811685321,4720566.440466667,0.47275102708172195
794987.8942541284,4720566.440466667,0.5074095731931814
795086.9768229357,4720566.440466667,0.6028153187636078
795186.0593917432,4720566.440466667,0.638704756825914
795285.1419605504,4720566.440466667,0.7908762327137933
795384.2245293577,4720566.440466667,0.9616080484554174
795483.3070981652,4720566.440466667,0.9864478805091061
795582.3896669724,4720566.440466667,0.9580355252016355
795681.4722357797,4720566.440466667,0.7037578434101148
795780.5548045872,4720566.440466667,0.698328231916039
795879.6373733944,4720566.440466667,0.7150401313314257
795978.7199422019,4720566.440466667,0.7296843691391418
796077.8025110092,4720566.440466667,0.753674190415042
796176.8850798164,4720566.440466667,0.7907906803765811
796275.9676486239,4720566.440466667,0.8083295268344931
796375.0502174312,4720566.440466667,0.8122964600979576
796474.1327862386,4720566.440466667,1.1229790428893118
796573.2153550459,4720566.440466667,1.8638910488658
796672.2979238532,4720566.440466667,3.2160023992058635
796771.3804926606,4720566.440466667,4.604169237811902
796870.4630614679,4720566.440466667,4.652501912825695
796969.5456302752,4720566.440466667,4.360418601778183
797068.6281990826,4720566.440466667,4.162963217662855
797167.7107678899,4720566.440466667,5.056495829546224
797266.7933366973,4720566.440466667,3.760901923819173
797365.8759055046,4720566.440466667,2.8387593006896688
797464.9584743119,4720566.440466667,1.9621066424389144
797564.0410431193,4720566.440466667,1.8184514427489848
797663.1236119266,4720566.440466667,1.865945691035248
797762.206180734,4720566.440466667,2.4680182478259844
797861.2887495413,4720566.440466667,2.794961799913591
797960.3713183486,4720566.440466667,2.435743480889033
798059.453887156,4720566.440466667,1.7595704402913093
798158.5364559633,4720566.440466667,1.1707299681033736
798257.6190247706,4720566.440466667,1.184195820478878
798356.701593578,4720566.440466667,1.2066458245293235
798455.7841623853,4720566.440466667,1.2246303342339677
798554.8667311927,4720566.440466667,1.2606515420771105
798653.9493,4720566.440466667,1.2927301089964922
798753.0318688073,4720566.440466667,1.3275044258205935
798852.1144376147,4720566.440466667,1.3972372987300408
798951.197006422,4720566.440466667,1.4782270737699839
799050.2795752294,4720566.440466667,1.5603763075787835
799149.3621440367,4720566.440466667,1.6439860426288566
799248.444712844,4720566.440466667,1.7246401656380619
799347.5272816514,4720566.440466667,1.8005157235181777
799446.6098504587,4720566.440466667,1.871220386078084
799545.692419266,4720566.440466667,1.9335349932770005
799644.7749880734,4720566.440466667,1.9888900923282136
799743.8575568807,4720566.440466667,2.037144287484154
799842.9401256881,4720566.440466667,2.078326813804957
799942.0226944954,4720566.440466667,2.114173196055385
800041.1052633027,4720566.440466667,2.145320973425466
800140.1878321101,4720566.440466667,2.1707199693793098
800239.2704009174,4720566.440466667,2.190869861686023
800338.3529697248,4720566.440466667,2.2068676071161826
800437.4355385321,4720566.440466667,2.217411762787446
800536.5181073394,4720566.440466667,2.230106805662204
800635.6006761468,4720566.440466667,2.231602352830986
800734.6832449541,4720566.440466667,2.249718425058436
800833.7658137614,4720566.440466667,2.398157917607092
800932.8483825688,4720566.440466667,2.826902112844556
801031.9309513761,4720566.440466667,3.1189637677222875
801131.0135201835,4720566.440466667,3.1630194014107653
801230.0960889908,4720566.440466667,2.6920254832683783
801329.1786577981,4720566.440466667,2.540698420876032
801428.2612266055,4720566.440466667,2.3915304704199394
801527.3437954128,4720566.440466667,2.7430893162916825
801626.4263642202,4720566.440466667,3.139741325792366
801725.5089330275,4720566.440466667,2.840694812181551
801824.5915018348,4720566.440466667,2.5520135080674295
801923.6740706422,4720566.440466667,3.929852227344914
802022.7566394495,4720566.440466667,5.139525312624837
802121.8392082568,4720566.440466667,7.054225398647912
802220.9217770642,4720566.440466667,7.37533685577476
802320.0043458715,4720566.440466667,3.070593234177786
802419.0869146789,4720566.440466667,1.9061806315979537
802518.1694834862,4720566.440466667,1.3353221645363942
802617.2520522935,4720566.440466667,1.260503255272731
802716.3346211009,4720566.440466667,1.241021720687911
802815.4171899082,4720566.440466667,1.7591249769515305
802914.4997587156,4720566.440466667,2.053577221577448
803013.5823275229,4720566.440466667,2.0173739423877226
803112.6648963302,4720566.440466667,1.9014568262932983
803211.7474651376,4720566.440466667,1.299085336945981
803310.8300339449,4720566.440466667,0.9912663105295892
803409.9126027522,4720566.440466667,0.971975240489737
803508.9951715596,4720566.440466667,0.9575101312521743
803608.0777403669,4720566.440466667,0.9421167932728878
803707.1603091743,4720566.440466667,0.9336481693313875
803806.2428779816,4720566.440466667,0.9252427903910113
803905.3254467889,4720566.440466667,0.9166249722499408
804004.4080155963,4720566.440466667,0.9077268155161508
793303.4905844036,4720467.889742029,0.3749026697555748
793402.573153211,4720467.889742029,0.48791724797387864
793501.6557220183,4720467.889742029,0.4810371540105917
793600.7382908256,4720467.889742029,0.41907305035595216
793699.820859633,4720467.889742029,0.38080151608088925
793798.9034284403,4720467.889742029,0.36464141612351647
793897.9859972477,4720467.889742029,0.38451072648545853
793997.068566055,4720467.889742029,0.40200411323922036
794096.1511348623,4720467.889742029,0.3738587692080214
794195.2337036697,4720467.889742029,0.35014269870788173
794294.316272477,4720467.889742029,0.36319196735442855
794393.3988412843,4720467.889742029,0.38009177014490275
794492.4814100917,4720467.889742029,0.3975933796677409
794591.563978899,4720467.889742029,0.41590086387650516
794690.6465477064,4720467.889742029,0.4350513298731936
794789.7291165137,4720467.889742029,0.45508359338400095
794888.811685321,4720467.889742029,0.4782673600778931
794987.8942541284,4720467.889742029,0.5002456921732743
795086.9768229357,4720467.889742029,0.5866645463812681
795186.0593917432,4720467.889742029,0.6416908344000156
795285.1419605504,4720467.889742029,0.653750674412166
795384.2245293577,4720467.889742029,0.6961515414746422
795483.3070981652,4720467.889742029,0.7586281806943166
795582.3896669724,4720467.889742029,0.6975997550418598
795681.4722357797,4720467.889742029,0.6811834037065287
795780.5548045872,4720467.889742029,0.706045264814795
795879.6373733944,4720467.889742029,0.7263901819024474
795978.7199422019,4720467.889742029,0.7885214774213658
796077.8025110092,4720467.889742029,0.7751420185327357
796176.8850798164,4720467.889742029,0.7812643652159422
796275.9676486239,4720467.889742029,0.7986016889277799
796375.0502174312,4720467.889742029,0.8132846474120756
796474.1327862386,4720467.889742029,0.8974170411264208
796573.2153550459,4720467.889742029,1.2601958170614302
796672.2979238532,4720467.889742029,2.0253558113449897
796771.3804926606,4720467.889742029,2.803523503366126
796870.4630614679,4720467.889742029,3.5948280352624247
796969.5456302752,4720467.889742029,4.542929904995153
797068.6281990826,4720467.889742029,5.105214747807555
797167.7107678899,4720467.889742029,4.197431783169942
797266.7933366973,4720467.889742029,3.3765914817627
797365.8759055046,4720467.889742029,3.269004099893101
797464.9584743119,4720467.889742029,2.998184346154161
797564.0410431193,4720467.889742029,2.5006343898784866
797663.1236119266,4720467.889742029,2.1446762021399084
797762.206180734,4720467.889742029,2.1236098023475023
797861.2887495413,4720467.889742029,2.3401636620946773
797960.3713183486,4720467.889742029,1.8705360663809765
798059.453887156,4720467.889742029,1.3547324252679431
798158.5364559633,4720467.889742029,1.2586893807246418
798257.6190247706,4720467.889742029,1.2423588872357385
798356.701593578,4720467.889742029,1.2740757782011938
798455.7841623853,4720467.889742029,1.3011125352450714
798554.8667311927,4720467.889742029,1.3060169614120667
798653.9493,4720467.889742029,1.3347019440839776
798753.0318688073,4720467.889742029,1.3836113877449545
798852.1144376147,4720467.889742029,1.4680926098223717
798951.197006422,4720467.889742029,1.5556600045119926
799050.2795752294,4720467.889742029,1.6439860426288566
799149.3621440367,4720467.889742029,1.7306317652561367
799248.444712844,4720467.889742029,1.8121525105322405
799347.5272816514,4720467.889742029,1.8877249477745395
799446.6098504587,4720467.889742029,1.9550914587251955
799545.692419266,4720467.889742029,2.01479091396438
799644.7749880734,4720467.889742029,2.0669010897106492
799743.8575568807,4720467.889742029,2.1125014438968224
799842.9401256881,4720467.889742029,2.152536467650496
799942.0226944954,4720467.889742029,2.1877957901017684
800041.1052633027,4720467.889742029,2.217411762787446
800140.1878321101,4720467.889742029,2.2426835832638545
800239.2704009174,4720467.889742029,2.263269570504074
800338.3529697248,4720467.889742029,2.279425150557371
800437.4355385321,4720467.889742029,2.2912209709363673
800536.5181073394,4720467.889742029,2.3040488738547444
800635.6006761468,4720467.889742029,2.3055386088234844
800734.6832449541,4720467.889742029,2.3640410409759496
800833.7658137614,4720467.889742029,2.694913353881362
800932.8483825688,4720467.889742029,3.176168397780784
801031.9309513761,4720467.889742029,3.3080247880865103
801131.0135201835,4720467.889742029,3.5046745747067813
801230.0960889908,4720467.889742029,3.0487483570964
801329.1786577981,4720467.889742029,2.9172952102010985
801428.2612266055,4720467.889742029,3.2224483915695075
801527.3437954128,4720467.889742029,3.425880556407143
801626.4263642202,4720467.889742029,3.761863576272892
801725.5089330275,4720467.889742029,3.293406576090291
801824.5915018348,4720467.889742029,2.6420596310267572
801923.6740706422,4720467.889742029,3.7348906520212553
802022.7566394495,4720467.889742029,4.260494553516686
802121.8392082568,4720467.889742029,4.078553658077344
802220.9217770642,4720467.889742029,3.561802830580117
802320.0043458715,4720467.889742029,1.786917188170434
802419.0869146789,4720467.889742029,1.48092871578607
802518.1694834862,4720467.889742029,1.3811084489943273
802617.2520522935,4720467.889742029,1.2942812900887808
802716.3346211009,4720467.889742029,1.2255262652471903
802815.4171899082,4720467.889742029,1.5832563761070868
802914.4997587156,4720467.889742029,1.9450894218035544
803013.5823275229,4720467.889742029,2.0253263557684176
803112.6648963302,4720467.889742029,1.7085247096593932
803211.7474651376,4720467.889742029,1.0910579555453235
803310.8300339449,4720467.889742029,0.9849563560289538
803409.9126027522,4720467.889742029,0.969248631623937
803508.9951715596,4720467.889742029,0.9568147783714137
803608.0777403669,4720467.889742029,0.9466392730360497
803707.1603091743,4720467.889742029,0.9377959904038714
803806.2428779816,4720467.889742029,0.9293143925393044
803905.3254467889,4720467.889742029,0.9206654258931879
804004.4080155963,4720467.889742029,0.9117628577974903
793303.4905844036,4720369.339017391,0.41780307245859727
793402.573153211,4720369.339017391,0.4924090917761076
793501.6557220183,4720369.339017391,0.5001350668232282
793600.7382908256,4720369.339017391,0.4655378605767508
793699.820859633,4720369.339017391,0.37391650712655333
793798.9034284403,4720369.339017391,0.3600110579376086
793897.9859972477,4720369.339017391,0.38745767939988834
793997.068566055,4720369.339017391,0.4054733686804449
794096.1511348623,4720369.339017391,0.3679999843962038
794195.2337036697,4720369.339017391,0.3508785141157057
794294.316272477,4720369.339017391,0.3758675218589252
794393.3988412843,4720369.339017391,0.47530027975818906
794492.4814100917,4720369.339017391,0.5290442753319728
794591.563978899,4720369.339017391,0.5154726650968245
794690.6465477064,4720369.339017391,0.4435063336081615
794789.7291165137,4720369.339017391,0.46018076299989075
794888.811685321,4720369.339017391,0.4831037209712721
794987.8942541284,4720369.339017391,0.5058185393951559
795086.9768229357,4720369.339017391,0.5655739238173433
795186.0593917432,4720369.339017391,0.7396269380312652
795285.1419605504,4720369.339017391,0.8120640975390062
795384.2245293577,4720369.339017391,0.717487644236761
795483.3070981652,4720369.339017391,0.6347929354949886
795582.3896669724,4720369.339017391,0.6578800007073458
795681.4722357797,4720369.339017391,0.6948795357144211
795780.5548045872,4720369.339017391,0.7045889637164119
795879.6373733944,4720369.339017391,0.8324530712245181
795978.7199422019,4720369.339017391,0.8584645501964412
796077.8025110092,4720369.339017391,0.9063738912610017
796176.8850798164,4720369.339017391,0.8304714830447262
796275.9676486239,4720369.339017391,0.8392867016122764
796375.0502174312,4720369.339017391,0.9466895328238745
796474.1327862386,4720369.339017391,0.9362685956436286
796573.2153550459,4720369.339017391,0.8795474931973252
796672.2979238532,4720369.339017391,1.0863217502101017
796771.3804926606,4720369.339017391,1.607357340037434
796870.4630614679,4720369.339017391,2.0246582248931015
796969.5456302752,4720369.339017391,1.766116688975847
797068.6281990826,4720369.339017391,1.754402277719703
797167.7107678899,4720369.339017391,1.9158577126260565
797266.7933366973,4720369.339017391,2.4163970018104126
797365.8759055046,4720369.339017391,3.3135414194036
797464.9584743119,4720369.339017391,3.4772165695256962
797564.0410431193,4720369.339017391,3.240604637016078
797663.1236119266,4720369.339017391,2.4488142701413103
797762.206180734,4720369.339017391,2.3183135483705684
797861.2887495413,4720369.339017391,2.2216528403836713
797960.3713183486,4720369.339017391,1.6512736186915646
798059.453887156,4720369.339017391,1.3196838351180156
798158.5364559633,4720369.339017391,1.2482183059638883
798257.6190247706,4720369.339017391,1.2471294876366597
798356.701593578,4720369.339017391,1.31506578953053
798455.7841623853,4720369.339017391,1.342443133325761
798554.8667311927,4720369.339017391,1.3175006463284067
798653.9493,4720369.339017391,1.375480642098054
798753.0318688073,4720369.339017391,1.4491513115036811
798852.1144376147,4720369.339017391,1.5403951179483386
798951.197006422,4720369.339017391,1.633156243545683
799050.2795752294,4720369.339017391,1.7246401656380619
799149.3621440367,4720369.339017391,1.8121525105322405
799248.444712844,4720369.339017391,1.9055667022859737
799347.5272816514,4720369.339017391,1.9945044925646915
799446.6098504587,4720369.339017391,2.0438514335729216
799545.692419266,4720369.339017391,2.087006573557083
799644.7749880734,4720369.339017391,2.1364208061910914
799743.8575568807,4720369.339017391,2.1808454944719253
799842.9401256881,4720369.339017391,2.220408201832547
799942.0226944954,4720369.339017391,2.255194076469594
800041.1052633027,4720369.339017391,2.286052679589032
800140.1878321101,4720369.339017391,2.312828085929816
800239.2704009174,4720369.339017391,2.33568857396649
800338.3529697248,4720369.339017391,2.3537205715065905
800437.4355385321,4720369.339017391,2.367407152636009
800536.5181073394,4720369.339017391,2.414366216083774
800635.6006761468,4720369.339017391,2.394392814891102
800734.6832449541,4720369.339017391,2.5003084655264884
800833.7658137614,4720369.339017391,2.76224103453707
800932.8483825688,4720369.339017391,3.4419981651766496
801031.9309513761,4720369.339017391,3.815547801911801
801131.0135201835,4720369.339017391,4.459854004638432
801230.0960889908,4720369.339017391,3.742958067741009
801329.1786577981,4720369.339017391,4.258920319619873
801428.2612266055,4720369.339017391,3.8403325937450785
801527.3437954128,4720369.339017391,4.149325616350371
801626.4263642202,4720369.339017391,4.1494567331798375
801725.5089330275,4720369.339017391,4.2861872548156414
801824.5915018348,4720369.339017391,4.850545559734399
801923.6740706422,4720369.339017391,5.051452730552066
802022.7566394495,4720369.339017391,4.708924855994521
802121.8392082568,4720369.339017391,3.549191745340277
802220.9217770642,4720369.339017391,2.4589034374510645
802320.0043458715,4720369.339017391,1.989781205182615
802419.0869146789,4720369.339017391,1.5967450056851378
802518.1694834862,4720369.339017391,1.495252133618831
802617.2520522935,4720369.339017391,1.3734403816893603
802716.3346211009,4720369.339017391,1.2719086111252078
802815.4171899082,4720369.339017391,1.3117715231147649
802914.4997587156,4720369.339017391,1.526387197646076
803013.5823275229,4720369.339017391,1.503204206820594
803112.6648963302,4720369.339017391,1.1428238397938941
803211.7474651376,4720369.339017391,1.0186125099183632
803310.8300339449,4720369.339017391,0.9949242450877547
803409.9126027522,4720369.339017391,0.9767851271685782
803508.9951715596,4720369.339017391,0.9625991477455104
803608.0777403669,4720369.339017391,0.9512694226640553
803707.1603091743,4720369.339017391,0.9418238956101758
803806.2428779816,4720369.339017391,0.9331778701521686
803905.3254467889,4720369.339017391,0.9309494014390114
804004.4080155963,4720369.339017391,1.0668235446281311
793303.4905844036,4720270.7882927535,0.391218983269749
793402.573153211,4720270.7882927535,0.4929622224892933
793501.6557220183,4720270.7882927535,0.554725391445754
793600.7382908256,4720270.7882927535,0.48572105421158845
793699.820859633,4720270.7882927535,0.3039215200896163
793798.9034284403,4720270.7882927535,0.3093575675213035
793897.9859972477,4720270.7882927535,0.35595515576771136
793997.068566055,4720270.7882927535,0.35322359851845503
794096.1511348623,4720270.7882927535,0.34458918472441324
794195.2337036697,4720270.7882927535,0.3540387499910042
794294.316272477,4720270.7882927535,0.43513175410682176
794393.3988412843,4720270.7882927535,0.5143149320064185
794492.4814100917,4720270.7882927535,0.5387188755434502
794591.563978899,4720270.7882927535,0.563786177616537
794690.6465477064,4720270.7882927535,0.4970284676215955
794789.7291165137,4720270.7882927535,0.4649033057061337
794888.811685321,4720270.7882927535,0.48652597047709417
794987.8942541284,4720270.7882927535,0.5095490161670562
795086.9768229357,4720270.7882927535,0.7023841744982317
795186.0593917432,4720270.7882927535,0.9459374614758675
795285.1419605504,4720270.7882927535,1.167115632391396
795384.2245293577,4720270.7882927535,1.177550225086148
795483.3070981652,4720270.7882927535,0.8120606689964552
795582.3896669724,4720270.7882927535,0.6699118894158848
795681.4722357797,4720270.7882927535,0.7369250024477887
795780.5548045872,4720270.7882927535,0.9519186959201569
795879.6373733944,4720270.7882927535,1.0390448961246896
795978.7199422019,4720270.7882927535,0.927340600103139
796077.8025110092,4720270.7882927535,0.9151023902841259
796176.8850798164,4720270.7882927535,0.8872251035064165
796275.9676486239,4720270.7882927535,1.0254824297453655
796375.0502174312,4720270.7882927535,1.0785301647942591
796474.1327862386,4720270.7882927535,1.0709671756612356
796573.2153550459,4720270.7882927535,1.0806850825089476
796672.2979238532,4720270.7882927535,1.277762135973286
796771.3804926606,4720270.7882927535,1.6420445168071556
796870.4630614679,4720270.7882927535,1.7652944625654299
796969.5456302752,4720270.7882927535,1.5744728812139415
797068.6281990826,4720270.7882927535,1.108950585543617
797167.7107678899,4720270.7882927535,1.0843592953105008
797266.7933366973,4720270.7882927535,1.6567322471271289
797365.8759055046,4720270.7882927535,2.7681844853399165
797464.9584743119,4720270.7882927535,3.5879690611722395
797564.0410431193,4720270.7882927535,3.6381404568562368
797663.1236119266,4720270.7882927535,3.5330221051443456
797762.206180734,4720270.7882927535,3.034576932721973
797861.2887495413,4720270.7882927535,2.7176337694360986
797960.3713183486,4720270.7882927535,1.8111063457928436
798059.453887156,4720270.7882927535,1.2290711282424682
798158.5364559633,4720270.7882927535,1.1864186201499918
798257.6190247706,4720270.7882927535,1.280654496708712
798356.701593578,4720270.7882927535,1.3462497609575521
798455.7841623853,4720270.7882927535,1.3416689844164236
798554.8667311927,4720270.7882927535,1.3544428494421128
798653.9493,4720270.7882927535,1.420729202563202
798753.0318688073,4720270.7882927535,1.5242639311284758
798852.1144376147,4720270.7882927535,1.6103489141497007
798951.197006422,4720270.7882927535,1.7078289717850605
799050.2795752294,4720270.7882927535,1.8005157235181777
799149.3621440367,4720270.7882927535,1.8917141962881738
799248.444712844,4720270.7882927535,1.9945044925646915
799347.5272816514,4720270.7882927535,2.0646318245812605
799446.6098504587,4720270.7882927535,2.1266556098512015
799545.692419266,4720270.7882927535,2.1568490741587776
799644.7749880734,4720270.7882927535,2.200039504089372
799743.8575568807,4720270.7882927535,2.244158378925412
799842.9401256881,4720270.7882927535,2.283841588523475
799942.0226944954,4720270.7882927535,2.3211374126506015
800041.1052633027,4720270.7882927535,2.3553137093819023
800140.1878321101,4720270.7882927535,2.387356067638214
800239.2704009174,4720270.7882927535,2.415344047828635
800338.3529697248,4720270.7882927535,2.4402073478306865
800437.4355385321,4720270.7882927535,2.5911086418238205
800536.5181073394,4720270.7882927535,2.7301140648555444
800635.6006761468,4720270.7882927535,2.7941031024075325
800734.6832449541,4720270.7882927535,2.8033763275407004
800833.7658137614,4720270.7882927535,3.0198833126345774
800932.8483825688,4720270.7882927535,3.825072127429455
801031.9309513761,4720270.7882927535,4.552779810868941
801131.0135201835,4720270.7882927535,4.700595062655626
801230.0960889908,4720270.7882927535,4.473537658307285
801329.1786577981,4720270.7882927535,4.90007074713161
801428.2612266055,4720270.7882927535,4.840373066726579
801527.3437954128,4720270.7882927535,4.5693398968034495
801626.4263642202,4720270.7882927535,4.521383849899186
801725.5089330275,4720270.7882927535,6.367867248805853
801824.5915018348,4720270.7882927535,8.905662750264483
801923.6740706422,4720270.7882927535,7.233844824164897
802022.7566394495,4720270.7882927535,5.934823121491523
802121.8392082568,4720270.7882927535,4.211842696524221
802220.9217770642,4720270.7882927535,2.5952287692471243
802320.0043458715,4720270.7882927535,2.243643475899963
802419.0869146789,4720270.7882927535,1.933839580352041
802518.1694834862,4720270.7882927535,1.585988322805776
802617.2520522935,4720270.7882927535,1.4762594573241232
802716.3346211009,4720270.7882927535,1.347036624446735
802815.4171899082,4720270.7882927535,1.4411789174436964
802914.4997587156,4720270.7882927535,1.3646845690160665
803013.5823275229,4720270.7882927535,1.3008454393993776
803112.6648963302,4720270.7882927535,1.2208633986860122
803211.7474651376,4720270.7882927535,1.0335904846833999
803310.8300339449,4720270.7882927535,1.006104967986936
803409.9126027522,4720270.7882927535,0.9849563560289538
803508.9951715596,4720270.7882927535,0.9687793843750722
803608.0777403669,4720270.7882927535,0.9560735495465008
803707.1603091743,4720270.7882927535,0.9458147717373566
803806.2428779816,4720270.7882927535,0.9367558387328234
803905.3254467889,4720270.7882927535,1.1307286132179837
804004.4080155963,4720270.7882927535,1.1352805118161167
793303.4905844036,4720172.237568116,0.3149428813279389
793402.573153211,4720172.237568116,0.45054628606060704
793501.6557220183,4720172.237568116,0.43326614392711477
793600.7382908256,4720172.237568116,0.34268408914251486
793699.820859633,4720172.237568116,0.3494693692957996
793798.9034284403,4720172.237568116,0.3037433454142759
793897.9859972477,4720172.237568116,0.3113296703127594
793997.068566055,4720172.237568116,0.32596749620149235
794096.1511348623,4720172.237568116,0.3411351950964818
794195.2337036697,4720172.237568116,0.35700866708984924
794294.316272477,4720172.237568116,0.43831327173536516
794393.3988412843,4720172.237568116,0.5193252936289292
794492.4814100917,4720172.237568116,0.5434901866753392
794591.563978899,4720172.237568116,0.5687795041684568
794690.6465477064,4720172.237568116,0.49894868843318274
794789.7291165137,4720172.237568116,0.46945639039641673
794888.811685321,4720172.237568116,0.49128049328628276
794987.8942541284,4720172.237568116,0.5167192497319415
795086.9768229357,4720172.237568116,0.777518227926436
795186.0593917432,4720172.237568116,1.1651588186035764
795285.1419605504,4720172.237568116,1.353078123661204
795384.2245293577,4720172.237568116,1.4897130044246683
795483.3070981652,4720172.237568116,1.1057773915775173
795582.3896669724,4720172.237568116,0.7480330058886404
795681.4722357797,4720172.237568116,0.8966999956817068
795780.5548045872,4720172.237568116,0.9494937602036038
795879.6373733944,4720172.237568116,1.0790997222442547
795978.7199422019,4720172.237568116,1.1015095364042742
796077.8025110092,4720172.237568116,0.9317281785458675
796176.8850798164,4720172.237568116,0.8623292186016474
796275.9676486239,4720172.237568116,1.0730756758460678
796375.0502174312,4720172.237568116,1.0841634192933824
796474.1327862386,4720172.237568116,1.087503178596447
796573.2153550459,4720172.237568116,1.1551426963594567
796672.2979238532,4720172.237568116,1.404064236601148
796771.3804926606,4720172.237568116,1.6540795848663856
796870.4630614679,4720172.237568116,1.6861432297491055
796969.5456302752,4720172.237568116,1.601003033736424
797068.6281990826,4720172.237568116,1.1736374664963947
797167.7107678899,4720172.237568116,1.1029306546978943
797266.7933366973,4720172.237568116,1.2427192165943626
797365.8759055046,4720172.237568116,2.18696370086622
797464.9584743119,4720172.237568116,3.0590407779325446
797564.0410431193,4720172.237568116,4.068286228723277
797663.1236119266,4720172.237568116,4.437830034864543
797762.206180734,4720172.237568116,3.6431250747089288
797861.2887495413,4720172.237568116,3.2711380994857233
797960.3713183486,4720172.237568116,1.9073497413569334
798059.453887156,4720172.237568116,1.1886943010728308
798158.5364559633,4720172.237568116,1.1710212256477375
798257.6190247706,4720172.237568116,1.2549824054412013
798356.701593578,4720172.237568116,1.3017586260156346
798455.7841623853,4720172.237568116,1.3419059452783004
798554.8667311927,4720172.237568116,1.5928133677543004
798653.9493,4720172.237568116,1.8630091875233274
798753.0318688073,4720172.237568116,1.976688413184733
798852.1144376147,4720172.237568116,1.8770640978007536
798951.197006422,4720172.237568116,1.7782139025613972
799050.2795752294,4720172.237568116,1.871220386078084
799149.3621440367,4720172.237568116,1.9858651138115695
799248.444712844,4720172.237568116,2.3079363998805182
799347.5272816514,4720172.237568116,2.4053976171467806
799446.6098504587,4720172.237568116,2.196731949935862
799545.692419266,4720172.237568116,2.2224478881267786
799644.7749880734,4720172.237568116,2.258131583076049
799743.8575568807,4720172.237568116,2.345516236593302
799842.9401256881,4720172.237568116,2.5365112208712453
799942.0226944954,4720172.237568116,2.6657682613205242
800041.1052633027,4720172.237568116,2.558379496596794
800140.1878321101,4720172.237568116,2.498205058696983
800239.2704009174,4720172.237568116,2.5149767147006714
800338.3529697248,4720172.237568116,2.711613668286861
800437.4355385321,4720172.237568116,3.261410620772916
800536.5181073394,4720172.237568116,3.6413397831963636
800635.6006761468,4720172.237568116,3.7104626559605713
800734.6832449541,4720172.237568116,3.8679221707205036
800833.7658137614,4720172.237568116,4.079002948016625
800932.8483825688,4720172.237568116,4.837168174595866
801031.9309513761,4720172.237568116,5.1739214434294585
801131.0135201835,4720172.237568116,5.542395689431631
801230.0960889908,4720172.237568116,5.626721516613016
801329.1786577981,4720172.237568116,5.613886249381899
801428.2612266055,4720172.237568116,4.983622592383752
801527.3437954128,4720172.237568116,4.675140066988389
801626.4263642202,4720172.237568116,5.74016431580554
801725.5089330275,4720172.237568116,7.9546298612988
801824.5915018348,4720172.237568116,11.091602431037916
801923.6740706422,4720172.237568116,10.066846745234496
802022.7566394495,4720172.237568116,8.084992326435334
802121.8392082568,4720172.237568116,5.04206923928772
802220.9217770642,4720172.237568116,3.5375172692861163
802320.0043458715,4720172.237568116,2.5489569041936604
802419.0869146789,4720172.237568116,2.031796215550564
802518.1694834862,4720172.237568116,1.7144153720547985
802617.2520522935,4720172.237568116,1.5080475507679811
802716.3346211009,4720172.237568116,1.3816969762764746
802815.4171899082,4720172.237568116,1.4886891044836446
802914.4997587156,4720172.237568116,1.4042743094930576
803013.5823275229,4720172.237568116,1.331889240410942
803112.6648963302,4720172.237568116,1.224389295264048
803211.7474651376,4720172.237568116,1.0491819562722657
803310.8300339449,4720172.237568116,1.0177058614008885
803409.9126027522,4720172.237568116,0.9935449595775908
803508.9951715596,4720172.237568116,0.9751996508849285
803608.0777403669,4720172.237568116,0.9609569785241422
803707.1603091743,4720172.237568116,0.9497215357673511
803806.2428779816,4720172.237568116,0.9579531028653829
803905.3254467889,4720172.237568116,1.1577658087119282
804004.4080155963,4720172.237568116,1.1495150876067666
793303.4905844036,4720073.686843478,0.4621624541064115
793402.573153211,4720073.686843478,0.57695088294068
793501.6557220183,4720073.686843478,0.4980921184110245
793600.7382908256,4720073.686843478,0.4171111685393931
793699.820859633,4720073.686843478,0.38106614127855054
793798.9034284403,4720073.686843478,0.3460500145969705
793897.9859972477,4720073.686843478,0.3225513918751956
793997.068566055,4720073.686843478,0.3283969770718997
794096.1511348623,4720073.686843478,0.3438372586484618
794195.2337036697,4720073.686843478,0.36000349786714597
794294.316272477,4720073.686843478,0.3869233583850376
794393.3988412843,4720073.686843478,0.49230585615413036
794492.4814100917,4720073.686843478,0.5472044567854798
794591.563978899,4720073.686843478,0.5323791472614419
794690.6465477064,4720073.686843478,0.46325232217422324
794789.7291165137,4720073.686843478,0.4736140837590476
794888.811685321,4720073.686843478,0.49561755839529176
794987.8942541284,4720073.686843478,0.5184952777469898
795086.9768229357,4720073.686843478,0.6915110171463181
795186.0593917432,4720073.686843478,1.1969156428175405
795285.1419605504,4720073.686843478,1.3793804289019247
795384.2245293577,4720073.686843478,1.4065813553397137
795483.3070981652,4720073.686843478,1.1290396360988888
795582.3896669724,4720073.686843478,0.7681797833882142
795681.4722357797,4720073.686843478,0.9458595283709715
795780.5548045872,4720073.686843478,0.951240193732289
795879.6373733944,4720073.686843478,1.000046660728347
795978.7199422019,4720073.686843478,1.0551415054094189
796077.8025110092,4720073.686843478,0.829505662242618
796176.8850798164,4720073.686843478,0.8215703184294076
796275.9676486239,4720073.686843478,1.0306639433525633
796375.0502174312,4720073.686843478,1.06900955487144
796474.1327862386,4720073.686843478,1.0821833229073028
796573.2153550459,4720073.686843478,0.9854699070150804
796672.2979238532,4720073.686843478,1.2301200094872917
796771.3804926606,4720073.686843478,1.5814724942730025
796870.4630614679,4720073.686843478,1.61720999528001
796969.5456302752,4720073.686843478,1.4254372785031413
797068.6281990826,4720073.686843478,1.0873441260292818
797167.7107678899,4720073.686843478,1.068451695633428
797266.7933366973,4720073.686843478,1.1171065680073562
797365.8759055046,4720073.686843478,1.347070233393376
797464.9584743119,4720073.686843478,2.2344564290041853
797564.0410431193,4720073.686843478,2.997174479494938
797663.1236119266,4720073.686843478,4.198342451122604
797762.206180734,4720073.686843478,3.862493241843143
797861.2887495413,4720073.686843478,3.13176588030396
797960.3713183486,4720073.686843478,1.9402574590275112
798059.453887156,4720073.686843478,1.1382543759724517
798158.5364559633,4720073.686843478,1.1912558999732168
798257.6190247706,4720073.686843478,1.2516972277410194
798356.701593578,4720073.686843478,1.3146803334996802
798455.7841623853,4720073.686843478,1.4511009103366734
798554.8667311927,4720073.686843478,1.808366004613059
798653.9493,4720073.686843478,1.965226284946683
798753.0318688073,4720073.686843478,2.125648325737137
798852.1144376147,4720073.686843478,2.1856197294018305
798951.197006422,4720073.686843478,2.2446174183415333
799050.2795752294,4720073.686843478,3.016786887389218
799149.3621440367,4720073.686843478,3.9728447576473216
799248.444712844,4720073.686843478,3.629357882926866
799347.5272816514,4720073.686843478,3.0136322603254886
799446.6098504587,4720073.686843478,2.813335408863652
799545.692419266,4720073.686843478,2.262535695096169
799644.7749880734,4720073.686843478,2.3195254700619894
799743.8575568807,4720073.686843478,2.62044418102131
799842.9401256881,4720073.686843478,3.0680327663180482
799942.0226944954,4720073.686843478,3.3623429802150016
800041.1052633027,4720073.686843478,3.3157362158948653
800140.1878321101,4720073.686843478,2.959647211760948
800239.2704009174,4720073.686843478,2.9183480718502186
800338.3529697248,4720073.686843478,3.329289410379427
800437.4355385321,4720073.686843478,4.162764779205624
800536.5181073394,4720073.686843478,4.734253192207814
800635.6006761468,4720073.686843478,4.955498691142378
800734.6832449541,4720073.686843478,5.109502080773269
800833.7658137614,4720073.686843478,5.023413449212281
800932.8483825688,4720073.686843478,5.345031559555517
801031.9309513761,4720073.686843478,5.36782928857255
801131.0135201835,4720073.686843478,5.939315892658307
801230.0960889908,4720073.686843478,6.0306972441369595
801329.1786577981,4720073.686843478,5.285457538701641
801428.2612266055,4720073.686843478,4.817053801128129
801527.3437954128,4720073.686843478,4.649818493417409
801626.4263642202,4720073.686843478,5.917483767135086
801725.5089330275,4720073.686843478,7.52685787539613
801824.5915018348,4720073.686843478,9.10989239990177
801923.6740706422,4720073.686843478,11.077334774905612
802022.7566394495,4720073.686843478,7.060488613879617
802121.8392082568,4720073.686843478,3.8840554603128936
802220.9217770642,4720073.686843478,3.486977143500093
802320.0043458715,4720073.686843478,2.898800026480927
802419.0869146789,4720073.686843478,1.9887139465194614
802518.1694834862,4720073.686843478,1.7141279569019734
802617.2520522935,4720073.686843478,1.5381570332213803
802716.3346211009,4720073.686843478,1.4324623349295682
802815.4171899082,4720073.686843478,1.3552056961853596
802914.4997587156,4720073.686843478,1.4450290912533286
803013.5823275229,4720073.686843478,1.3250314797062346
803112.6648963302,4720073.686843478,1.135214831867068
803211.7474651376,4720073.686843478,1.0658669841858401
803310.8300339449,4720073.686843478,1.030156157603183
803409.9126027522,4720073.686843478,1.0024621373180405
803508.9951715596,4720073.686843478,0.9817959259451122
803608.0777403669,4720073.686843478,0.9658961468017679
803707.1603091743,4720073.686843478,0.9535588704770956
803806.2428779816,4720073.686843478,0.9433968562307898
803905.3254467889,4720073.686843478,1.0772678450424902
804004.4080155963,4720073.686843478,1.1531930546497366
793303.4905844036,4719975.13611884,0.6859336700602623
793402.573153211,4719975.13611884,0.8627137355766991
793501.6557220183,4719975.13611884,0.7728914695220096
793600.7382908256,4719975.13611884,0.5156446133065248
793699.820859633,4719975.13611884,0.34797746732519963
793798.9034284403,4719975.13611884,0.3464833509148693
793897.9859972477,4719975.13611884,0.34834623588164887
793997.068566055,4719975.13611884,0.33084456519954264
794096.1511348623,4719975.13611884,0.34623920056799845
794195.2337036697,4719975.13611884,0.362518372189115
794294.316272477,4719975.13611884,0.37956294365009124
794393.3988412843,4719975.13611884,0.3974089018505456
794492.4814100917,4719975.13611884,0.41633538909156864
794591.563978899,4719975.13611884,0.437550457686235
794690.6465477064,4719975.13611884,0.47183162819016455
794789.7291165137,4719975.13611884,0.5586860034007145
794888.811685321,4719975.13611884,0.5709518072508071
794987.8942541284,4719975.13611884,0.5276740479070812
795086.9768229357,4719975.13611884,0.5468114108582134
795186.0593917432,4719975.13611884,0.8158998401647705
795285.1419605504,4719975.13611884,1.0624123143246471
795384.2245293577,4719975.13611884,1.1049644773448304
795483.3070981652,4719975.13611884,0.9664096602072325
795582.3896669724,4719975.13611884,0.7215672646108554
795681.4722357797,4719975.13611884,0.8011931145993841
795780.5548045872,4719975.13611884,0.9559004150103454
795879.6373733944,4719975.13611884,0.9847156888620326
795978.7199422019,4719975.13611884,0.8818280295567946
796077.8025110092,4719975.13611884,0.7964885540765394
796176.8850798164,4719975.13611884,0.8071772747261169
796275.9676486239,4719975.13611884,0.8416757950812879
796375.0502174312,4719975.13611884,0.9110307066730017
796474.1327862386,4719975.13611884,0.9068212218842486
796573.2153550459,4719975.13611884,0.8616973456139664
796672.2979238532,4719975.13611884,0.8778684625505919
796771.3804926606,4719975.13611884,1.0735150848074022
796870.4630614679,4719975.13611884,1.1787052542940528
796969.5456302752,4719975.13611884,1.0809732841544415
797068.6281990826,4719975.13611884,0.9486880111301295
797167.7107678899,4719975.13611884,1.0240648541190986
797266.7933366973,4719975.13611884,1.1225666671113614
797365.8759055046,4719975.13611884,1.3158255721960175
797464.9584743119,4719975.13611884,1.6622814143774352
797564.0410431193,4719975.13611884,2.3301648554990657
797663.1236119266,4719975.13611884,3.2867818617284845
797762.206180734,4719975.13611884,3.3639517702123
797861.2887495413,4719975.13611884,2.4237438164065868
797960.3713183486,4719975.13611884,1.3845541638312442
798059.453887156,4719975.13611884,1.1519279442991093
798158.5364559633,4719975.13611884,1.1908914173930643
798257.6190247706,4719975.13611884,1.258999450869951
798356.701593578,4719975.13611884,1.3587139939154804
798455.7841623853,4719975.13611884,1.6127745446876072
798554.8667311927,4719975.13611884,2.242901494970763
798653.9493,4719975.13611884,2.670001091650827
798753.0318688073,4719975.13611884,2.8001303678899783
798852.1144376147,4719975.13611884,2.805439943875439
798951.197006422,4719975.13611884,3.4493088935631464
799050.2795752294,4719975.13611884,5.076608115675844
799149.3621440367,4719975.13611884,8.088597452169994
799248.444712844,4719975.13611884,6.275953703697241
799347.5272816514,4719975.13611884,3.881528956364839
799446.6098504587,4719975.13611884,3.004002069787819
799545.692419266,4719975.13611884,2.3536001123427703
799644.7749880734,4719975.13611884,2.3937537438524688
799743.8575568807,4719975.13611884,3.0282079210349946
799842.9401256881,4719975.13611884,3.721485113973415
799942.0226944954,4719975.13611884,4.210424291590892
800041.1052633027,4719975.13611884,4.602602319640895
800140.1878321101,4719975.13611884,4.287017897304993
800239.2704009174,4719975.13611884,4.113074432126258
800338.3529697248,4719975.13611884,4.617912596839686
800437.4355385321,4719975.13611884,5.148778806424869
800536.5181073394,4719975.13611884,5.784714526032036
800635.6006761468,4719975.13611884,5.84213947180122
800734.6832449541,4719975.13611884,5.8302208845371135
800833.7658137614,4719975.13611884,5.877965479508622
800932.8483825688,4719975.13611884,5.832667269112592
801031.9309513761,4719975.13611884,5.674606547924592
801131.0135201835,4719975.13611884,6.151306333828539
801230.0960889908,4719975.13611884,6.384812123998983
801329.1786577981,4719975.13611884,5.499823480993682
801428.2612266055,4719975.13611884,6.34441710340119
801527.3437954128,4719975.13611884,7.0828464663958695
801626.4263642202,4719975.13611884,7.581061654346273
801725.5089330275,4719975.13611884,8.321434591396162
801824.5915018348,4719975.13611884,7.936027066744538
801923.6740706422,4719975.13611884,6.89804169091508
802022.7566394495,4719975.13611884,5.458455190997263
802121.8392082568,4719975.13611884,3.8387529699866874
802220.9217770642,4719975.13611884,3.082082818711174
802320.0043458715,4719975.13611884,2.6666785945870237
802419.0869146789,4719975.13611884,1.864559114077168
802518.1694834862,4719975.13611884,1.726034390046966
802617.2520522935,4719975.13611884,1.5868925144453063
802716.3346211009,4719975.13611884,1.4788811375327262
802815.4171899082,4719975.13611884,1.364656016773079
802914.4997587156,4719975.13611884,1.2805218954978372
803013.5823275229,4719975.13611884,1.2093087610334223
803112.6648963302,4719975.13611884,1.1459126143496303
803211.7474651376,4719975.13611884,1.0920415415915519
803310.8300339449,4719975.13611884,1.0426385841224965
803409.9126027522,4719975.13611884,1.0118670823454359
803508.9951715596,4719975.13611884,0.9884818087652757
803608.0777403669,4719975.13611884,0.9710032501176231
803707.1603091743,4719975.13611884,0.9573148614408468
803806.2428779816,4719975.13611884,0.9465356515767174
803905.3254467889,4719975.13611884,0.9458327853585671
804004.4080155963,4719975.13611884,0.97790201868076
793303.4905844036,4719876.585394203,0.7654859566772458
793402.573153211,4719876.585394203,0.8254961887632856
793501.6557220183,4719876.585394203,0.7852655480468596
793600.7382908256,4719876.585394203,0.4866176764568085
793699.820859633,4719876.585394203,0.33232726037886284
793798.9034284403,4719876.585394203,0.3479523325752194
793897.9859972477,4719876.585394203,0.33178774718698484
793997.068566055,4719876.585394203,0.3328466565646012
794096.1511348623,4719876.585394203,0.3486579217191046
794195.2337036697,4719876.585394203,0.3650508146538597
794294.316272477,4719876.585394203,0.3822144542776525
794393.3988412843,4719876.585394203,0.4001850788835566
794492.4814100917,4719876.585394203,0.4200634023683595
794591.563978899,4719876.585394203,0.446448031227674
794690.6465477064,4719876.585394203,0.5688906119198973
794789.7291165137,4719876.585394203,0.6016378396489099
794888.811685321,4719876.585394203,0.618620709651685
794987.8942541284,4719876.585394203,0.6162329537981353
795086.9768229357,4719876.585394203,0.5507580398790956
795186.0593917432,4719876.585394203,0.5764067515897836
795285.1419605504,4719876.585394203,0.6875397990117523
795384.2245293577,4719876.585394203,0.7243386334523835
795483.3070981652,4719876.585394203,0.6958466842857532
795582.3896669724,4719876.585394203,0.7059303105802383
795681.4722357797,4719876.585394203,0.7013312504404237
795780.5548045872,4719876.585394203,0.7285448500153024
795879.6373733944,4719876.585394203,0.7605948464746735
795978.7199422019,4719876.585394203,0.7790597633501268
796077.8025110092,4719876.585394203,0.8743428852014259
796176.8850798164,4719876.585394203,1.0754346479300088
796275.9676486239,4719876.585394203,1.1805823978859693
796375.0502174312,4719876.585394203,1.0575963338995538
796474.1327862386,4719876.585394203,0.8909967041598543
796573.2153550459,4719876.585394203,0.8631174496076497
796672.2979238532,4719876.585394203,0.8744443532363615
796771.3804926606,4719876.585394203,0.885085453245049
796870.4630614679,4719876.585394203,0.9195419768518112
796969.5456302752,4719876.585394203,0.9421059771239483
797068.6281990826,4719876.585394203,0.9659528746122721
797167.7107678899,4719876.585394203,1.0515691439143724
797266.7933366973,4719876.585394203,1.1158030491033202
797365.8759055046,4719876.585394203,1.1936569896080327
797464.9584743119,4719876.585394203,1.6541683594637835
797564.0410431193,4719876.585394203,2.061346612612496
797663.1236119266,4719876.585394203,2.5587651904808633
797762.206180734,4719876.585394203,2.3440959721515373
797861.2887495413,4719876.585394203,1.9831492976919127
797960.3713183486,4719876.585394203,1.710361446048337
798059.453887156,4719876.585394203,1.5674732698807612
798158.5364559633,4719876.585394203,1.2397491221632466
798257.6190247706,4719876.585394203,1.3629294926066555
798356.701593578,4719876.585394203,1.7228006665094273
798455.7841623853,4719876.585394203,2.813855121997306
798554.8667311927,4719876.585394203,3.6978204097120972
798653.9493,4719876.585394203,4.143426568968875
798753.0318688073,4719876.585394203,3.530137319498571
798852.1144376147,4719876.585394203,2.8181270603111925
798951.197006422,4719876.585394203,5.254171727865129
799050.2795752294,4719876.585394203,10.94788824904225
799149.3621440367,4719876.585394203,10.255162697982085
799248.444712844,4719876.585394203,10.98451536621064
799347.5272816514,4719876.585394203,5.1138727192043465
799446.6098504587,4719876.585394203,3.121876918039748
799545.692419266,4719876.585394203,2.8179294725098716
799644.7749880734,4719876.585394203,3.1988597913272985
799743.8575568807,4719876.585394203,4.048126368447049
799842.9401256881,4719876.585394203,5.045599869019913
799942.0226944954,4719876.585394203,5.4719787768156145
800041.1052633027,4719876.585394203,5.593114397696791
800140.1878321101,4719876.585394203,5.2426095923201546
800239.2704009174,4719876.585394203,4.964989434791228
800338.3529697248,4719876.585394203,6.2944745567658344
800437.4355385321,4719876.585394203,8.261642426565524
800536.5181073394,4719876.585394203,9.489634388909138
800635.6006761468,4719876.585394203,8.780573733456954
800734.6832449541,4719876.585394203,6.052142377770167
800833.7658137614,4719876.585394203,5.818552914920472
800932.8483825688,4719876.585394203,6.660000588980324
801031.9309513761,4719876.585394203,8.600989476450136
801131.0135201835,4719876.585394203,9.212244586890492
801230.0960889908,4719876.585394203,9.665248206587735
801329.1786577981,4719876.585394203,12.07591722184515
801428.2612266055,4719876.585394203,13.622252353420157
801527.3437954128,4719876.585394203,14.690600401995233
801626.4263642202,4719876.585394203,13.651296627389426
801725.5089330275,4719876.585394203,13.401210773056874
801824.5915018348,4719876.585394203,13.363505561214478
801923.6740706422,4719876.585394203,12.13156151288188
802022.7566394495,4719876.585394203,8.228371240233333
802121.8392082568,4719876.585394203,6.688515770348738
802220.9217770642,4719876.585394203,3.9898435915010686
802320.0043458715,4719876.585394203,2.5906694255388563
802419.0869146789,4719876.585394203,1.9351329857640867
802518.1694834862,4719876.585394203,1.7341213511321532
802617.2520522935,4719876.585394203,1.6237193596452224
802716.3346211009,4719876.585394203,1.5084133869611536
802815.4171899082,4719876.585394203,1.4051936068641468
802914.4997587156,4719876.585394203,1.3204385807289987
803013.5823275229,4719876.585394203,1.237483207252729
803112.6648963302,4719876.585394203,1.1682458670760236
803211.7474651376,4719876.585394203,1.1121337850207869
803310.8300339449,4719876.585394203,1.0556361535302892
803409.9126027522,4719876.585394203,1.021070748006169
803508.9951715596,4719876.585394203,0.9953895697798822
803608.0777403669,4719876.585394203,0.9758992566669583
803707.1603091743,4719876.585394203,0.9610918810599965
803806.2428779816,4719876.585394203,0.9495038041985581
803905.3254467889,4719876.585394203,0.945572958267536
804004.4080155963,4719876.585394203,0.9389776679755821
793303.4905844036,4719778.034669565,0.5918872635370794
793402.573153211,4719778.034669565,0.724416932877084
793501.6557220183,4719778.034669565,0.606116999189593
793600.7382908256,4719778.034669565,0.3837479013460532
793699.820859633,4719778.034669565,0.3241496316213188
793798.9034284403,4719778.034669565,0.32338248338152636
793897.9859972477,4719778.034669565,0.3196752802287682
793997.068566055,4719778.034669565,0.3348608634976768
794096.1511348623,4719778.034669565,0.35247746286852616
794195.2337036697,4719778.034669565,0.3696797289474518
794294.316272477,4719778.034669565,0.38724068111972365
794393.3988412843,4719778.034669565,0.40403454738287486
794492.4814100917,4719778.034669565,0.42654906379142965
794591.563978899,4719778.034669565,0.4540756249246177
794690.6465477064,4719778.034669565,0.578101852265103
794789.7291165137,4719778.034669565,0.6055556666000763
794888.811685321,4719778.034669565,0.6264629606450215
794987.8942541284,4719778.034669565,0.6416000399515007
795086.9768229357,4719778.034669565,0.5544725957361207
795186.0593917432,4719778.034669565,0.5793034970601766
795285.1419605504,4719778.034669565,0.6045581945184509
795384.2245293577,4719778.034669565,0.6303706464707
795483.3070981652,4719778.034669565,0.6555378677175918
795582.3896669724,4719778.034669565,0.6814773394501003
795681.4722357797,4719778.034669565,0.7067025648168205
795780.5548045872,4719778.034669565,0.7292115921596439
795879.6373733944,4719778.034669565,0.7557399171902278
795978.7199422019,4719778.034669565,0.9760966551009632
796077.8025110092,4719778.034669565,1.1640311195015953
796176.8850798164,4719778.034669565,1.433679197459318
796275.9676486239,4719778.034669565,1.3608395911138065
796375.0502174312,4719778.034669565,1.238306013844424
796474.1327862386,4719778.034669565,1.06450473430624
796573.2153550459,4719778.034669565,0.8654885116306993
796672.2979238532,4719778.034669565,0.8766772523386729
796771.3804926606,4719778.034669565,0.8902267306414465
796870.4630614679,4719778.034669565,0.935869368156327
796969.5456302752,4719778.034669565,0.9476500713844569
797068.6281990826,4719778.034669565,1.0307717473662976
797167.7107678899,4719778.034669565,1.156889675388809
797266.7933366973,4719778.034669565,1.1950037581643684
797365.8759055046,4719778.034669565,1.3155278987085366
797464.9584743119,4719778.034669565,1.4679420842380544
797564.0410431193,4719778.034669565,1.6227334285278976
797663.1236119266,4719778.034669565,2.328673596687147
797762.206180734,4719778.034669565,2.9681991460130703
797861.2887495413,4719778.034669565,3.2924594529767766
797960.3713183486,4719778.034669565,3.0481449438845885
798059.453887156,4719778.034669565,3.0644132696549153
798158.5364559633,4719778.034669565,3.308729287487772
798257.6190247706,4719778.034669565,3.4870544440225544
798356.701593578,4719778.034669565,5.042395849328072
798455.7841623853,4719778.034669565,7.8113281803945815
798554.8667311927,4719778.034669565,8.260995527763404
798653.9493,4719778.034669565,6.202293937972476
798753.0318688073,4719778.034669565,4.525782387591908
798852.1144376147,4719778.034669565,3.358010865266719
798951.197006422,4719778.034669565,6.306883801975854
799050.2795752294,4719778.034669565,12.067189818615725
799149.3621440367,4719778.034669565,11.878703212906006
799248.444712844,4719778.034669565,11.426962189481111
799347.5272816514,4719778.034669565,5.812052465237957
799446.6098504587,4719778.034669565,3.433072392396772
799545.692419266,4719778.034669565,4.2291180015451655
799644.7749880734,4719778.034669565,4.969125940307634
799743.8575568807,4719778.034669565,5.302581584971885
799842.9401256881,4719778.034669565,5.395061939888823
799942.0226944954,4719778.034669565,5.52602381466048
800041.1052633027,4719778.034669565,5.98844713723153
800140.1878321101,4719778.034669565,6.3268205455221675
800239.2704009174,4719778.034669565,7.1073262464831535
800338.3529697248,4719778.034669565,9.53746282973415
800437.4355385321,4719778.034669565,11.8543311046272
800536.5181073394,4719778.034669565,12.428797309419881
800635.6006761468,4719778.034669565,11.488864366801717
800734.6832449541,4719778.034669565,9.71725295811077
800833.7658137614,4719778.034669565,6.887995666039622
800932.8483825688,4719778.034669565,9.941654375736437
801031.9309513761,4719778.034669565,11.276210917340196
801131.0135201835,4719778.034669565,13.214116403490562
801230.0960889908,4719778.034669565,17.15452290528188
801329.1786577981,4719778.034669565,9.928413738256925
801428.2612266055,4719778.034669565,7.062679095898699
801527.3437954128,4719778.034669565,6.535244423459538
801626.4263642202,4719778.034669565,6.433165244925427
801725.5089330275,4719778.034669565,6.36748216192266
801824.5915018348,4719778.034669565,6.243355641528318
801923.6740706422,4719778.034669565,6.5157329622280225
802022.7566394495,4719778.034669565,7.577014161062792
802121.8392082568,4719778.034669565,9.200775518187976
802220.9217770642,4719778.034669565,4.982417497047168
802320.0043458715,4719778.034669565,3.352410962193064
802419.0869146789,4719778.034669565,2.3643912860720007
802518.1694834862,4719778.034669565,1.7748387097322134
802617.2520522935,4719778.034669565,1.6697812654381547
802716.3346211009,4719778.034669565,1.5503552890944112
802815.4171899082,4719778.034669565,1.443043221176285
802914.4997587156,4719778.034669565,1.3519595151084243
803013.5823275229,4719778.034669565,1.2650996952321767
803112.6648963302,4719778.034669565,1.1902546048324683
803211.7474651376,4719778.034669565,1.1287208184785633
803310.8300339449,4719778.034669565,1.068082886910453
803409.9126027522,4719778.034669565,1.0304949798347787
803508.9951715596,4719778.034669565,1.0019542206955028
803608.0777403669,4719778.034669565,0.9808382162306853
803707.1603091743,4719778.034669565,0.964726223634052
803806.2428779816,4719778.034669565,0.9522877287417046
803905.3254467889,4719778.034669565,0.9421167932728878
804004.4080155963,4719778.034669565,0.9328015620758767
793303.4905844036,4719679.483944927,0.37246728553497366
793402.573153211,4719679.483944927,0.4506480873933271
793501.6557220183,4719679.483944927,0.4061821460658013
793600.7382908256,4719679.483944927,0.3137039140536481
793699.820859633,4719679.483944927,0.29296586316475626
793798.9034284403,4719679.483944927,0.3068826649482783
793897.9859972477,4719679.483944927,0.3213114054318541
793997.068566055,4719679.483944927,0.3380646210513846
794096.1511348623,4719679.483944927,0.3789426136548277
794195.2337036697,4719679.483944927,0.40443250919592144
794294.316272477,4719679.483944927,0.39801099170698884
794393.3988412843,4719679.483944927,0.4077119124724645
794492.4814100917,4719679.483944927,0.4266388036430143
794591.563978899,4719679.483944927,0.4545865567453162
794690.6465477064,4719679.483944927,0.5485323844494235
794789.7291165137,4719679.483944927,0.6089325092369867
794888.811685321,4719679.483944927,0.6263632146510393
794987.8942541284,4719679.483944927,0.5880448801044665
795086.9768229357,4719679.483944927,0.5577028860545161
795186.0593917432,4719679.483944927,0.582599476527781
795285.1419605504,4719679.483944927,0.6078960685623879
795384.2245293577,4719679.483944927,0.6336536044677753
795483.3070981652,4719679.483944927,0.660457359890736
795582.3896669724,4719679.483944927,0.7015525507232794
795681.4722357797,4719679.483944927,0.727211422578639
795780.5548045872,4719679.483944927,0.7482687320176561
795879.6373733944,4719679.483944927,0.8071025210116237
795978.7199422019,4719679.483944927,1.020452127831529
796077.8025110092,4719679.483944927,1.188442910761267
796176.8850798164,4719679.483944927,1.4359727562721027
796275.9676486239,4719679.483944927,1.4172537023408929
796375.0502174312,4719679.483944927,1.2757927202068944
796474.1327862386,4719679.483944927,1.127984808470391
796573.2153550459,4719679.483944927,0.8937356770627217
796672.2979238532,4719679.483944927,0.8843710893667746
796771.3804926606,4719679.483944927,0.9058615665636307
796870.4630614679,4719679.483944927,0.9310286611351699
796969.5456302752,4719679.483944927,0.9545613289317292
797068.6281990826,4719679.483944927,1.2786138550706425
797167.7107678899,4719679.483944927,1.598640141275634
797266.7933366973,4719679.483944927,1.7805868486968308
797365.8759055046,4719679.483944927,1.864086248312575
797464.9584743119,4719679.483944927,2.0000815257041156
797564.0410431193,4719679.483944927,2.8905362676502095
797663.1236119266,4719679.483944927,4.928407311778055
797762.206180734,4719679.483944927,5.637185269570317
797861.2887495413,4719679.483944927,5.1741597831270045
797960.3713183486,4719679.483944927,5.286890305929686
798059.453887156,4719679.483944927,5.715596899264694
798158.5364559633,4719679.483944927,4.303256413664918
798257.6190247706,4719679.483944927,4.526971318510832
798356.701593578,4719679.483944927,4.24293191236776
798455.7841623853,4719679.483944927,4.407139663399073
798554.8667311927,4719679.483944927,6.629871213756976
798653.9493,4719679.483944927,9.164778768241769
798753.0318688073,4719679.483944927,4.867693518139165
798852.1144376147,4719679.483944927,3.8970505720211435
798951.197006422,4719679.483944927,5.378317420911877
799050.2795752294,4719679.483944927,8.33121187767522
799149.3621440367,4719679.483944927,9.877240194103004
799248.444712844,4719679.483944927,8.079608904807687
799347.5272816514,4719679.483944927,5.875971998782777
799446.6098504587,4719679.483944927,4.820595791741986
799545.692419266,4719679.483944927,4.991880785332665
799644.7749880734,4719679.483944927,4.818878563381619
799743.8575568807,4719679.483944927,5.178975044059449
799842.9401256881,4719679.483944927,5.762746024263044
799942.0226944954,4719679.483944927,6.298726166961634
800041.1052633027,4719679.483944927,6.955013957802194
800140.1878321101,4719679.483944927,7.0615022350950705
800239.2704009174,4719679.483944927,8.804335361201357
800338.3529697248,4719679.483944927,11.213359115926444
800437.4355385321,4719679.483944927,13.903364716974906
800536.5181073394,4719679.483944927,17.87446660364454
800635.6006761468,4719679.483944927,17.39570417267761
800734.6832449541,4719679.483944927,14.60926940123136
800833.7658137614,4719679.483944927,11.691644221008502
800932.8483825688,4719679.483944927,11.387687221010149
801031.9309513761,4719679.483944927,12.373065830746045
801131.0135201835,4719679.483944927,17.510528687701257
801230.0960889908,4719679.483944927,8.445359648984688
801329.1786577981,4719679.483944927,8.351103685907443
801428.2612266055,4719679.483944927,10.03430054796016
801527.3437954128,4719679.483944927,11.586108902175134
801626.4263642202,4719679.483944927,12.343692392115438
801725.5089330275,4719679.483944927,11.568325021531226
801824.5915018348,4719679.483944927,11.172669549476275
801923.6740706422,4719679.483944927,8.178369994022841
802022.7566394495,4719679.483944927,5.992964821077219
802121.8392082568,4719679.483944927,8.776688189667267
802220.9217770642,4719679.483944927,4.964851659607677
802320.0043458715,4719679.483944927,3.5457826032601134
802419.0869146789,4719679.483944927,2.518032313248974
802518.1694834862,4719679.483944927,1.8172994095735013
802617.2520522935,4719679.483944927,1.7039759883669507
802716.3346211009,4719679.483944927,1.5828899286714115
802815.4171899082,4719679.483944927,1.4725879737804368
802914.4997587156,4719679.483944927,1.3691593298995755
803013.5823275229,4719679.483944927,1.2907322233839895
803112.6648963302,4719679.483944927,1.2108193590605874
803211.7474651376,4719679.483944927,1.1337185201451145
803310.8300339449,4719679.483944927,1.0800857256328946
803409.9126027522,4719679.483944927,1.039303481233867
803508.9951715596,4719679.483944927,1.008529658733896
803608.0777403669,4719679.483944927,0.9853619640463919
803707.1603091743,4719679.483944927,0.9681597740507455
803806.2428779816,4719679.483944927,0.954861079895308
803905.3254467889,4719679.483944927,0.9441942993862074
804004.4080155963,4719679.483944927,0.9347769921048888
793303.4905844036,4719580.93322029,0.28388477866924294
793402.573153211,4719580.93322029,0.31252270241767793
793501.6557220183,4719580.93322029,0.3229102078189768
793600.7382908256,4719580.93322029,0.32490356082612515
793699.820859633,4719580.93322029,0.29561551391805635
793798.9034284403,4719580.93322029,0.30816714673909107
793897.9859972477,4719580.93322029,0.32280605739930585
793997.068566055,4719580.93322029,0.3638954907270492
794096.1511348623,4719580.93322029,0.4103855576994732
794195.2337036697,4719580.93322029,0.4630512363943955
794294.316272477,4719580.93322029,0.48825589786665874
794393.3988412843,4719580.93322029,0.4323677709672035
794492.4814100917,4719580.93322029,0.43205456528387304
794591.563978899,4719580.93322029,0.44898437235796435
794690.6465477064,4719580.93322029,0.47186868703919455
794789.7291165137,4719580.93322029,0.5594360819781333
794888.811685321,4719580.93322029,0.6644110615436102
794987.8942541284,4719580.93322029,0.668383815965523
795086.9768229357,4719580.93322029,0.560443920733788
795186.0593917432,4719580.93322029,0.5856480850146517
795285.1419605504,4719580.93322029,0.6109803373881219
795384.2245293577,4719580.93322029,0.6364898961057979
795483.3070981652,4719580.93322029,0.6724691311406764
795582.3896669724,4719580.93322029,0.7050512134420944
795681.4722357797,4719580.93322029,0.7304715236759733
795780.5548045872,4719580.93322029,0.7547194365527125
795879.6373733944,4719580.93322029,0.7964809295102856
795978.7199422019,4719580.93322029,0.9808270594532311
796077.8025110092,4719580.93322029,1.2212594205075322
796176.8850798164,4719580.93322029,1.8891013787731903
796275.9676486239,4719580.93322029,2.6874040771385563
796375.0502174312,4719580.93322029,2.2490980761050556
796474.1327862386,4719580.93322029,1.657897770822428
796573.2153550459,4719580.93322029,1.3823516130459712
796672.2979238532,4719580.93322029,1.183914173361679
796771.3804926606,4719580.93322029,1.0522523156166879
796870.4630614679,4719580.93322029,1.0066724470466903
796969.5456302752,4719580.93322029,1.0201089516482513
797068.6281990826,4719580.93322029,1.7366377844403584
797167.7107678899,4719580.93322029,2.6683869802111118
797266.7933366973,4719580.93322029,3.8553377546138288
797365.8759055046,4719580.93322029,4.878737113133917
797464.9584743119,4719580.93322029,5.058639961673256
797564.0410431193,4719580.93322029,5.149705315797316
797663.1236119266,4719580.93322029,3.0996013136412377
797762.206180734,4719580.93322029,2.9616701593101142
797861.2887495413,4719580.93322029,3.0065089301546712
797960.3713183486,4719580.93322029,3.11967294552486
798059.453887156,4719580.93322029,3.484235081886686
798158.5364559633,4719580.93322029,3.4121508346826688
798257.6190247706,4719580.93322029,3.523938334207777
798356.701593578,4719580.93322029,3.747080119331088
798455.7841623853,4719580.93322029,4.006121939598359
798554.8667311927,4719580.93322029,4.906364456213244
798653.9493,4719580.93322029,9.479732579524994
798753.0318688073,4719580.93322029,6.407018442864027
798852.1144376147,4719580.93322029,4.462502964118323
798951.197006422,4719580.93322029,5.394080666445239
799050.2795752294,4719580.93322029,6.466802004084595
799149.3621440367,4719580.93322029,6.500576417812534
799248.444712844,4719580.93322029,5.85089695061661
799347.5272816514,4719580.93322029,4.978721054208058
799446.6098504587,4719580.93322029,4.920879393790175
799545.692419266,4719580.93322029,4.589496562288555
799644.7749880734,4719580.93322029,4.787604091176979
799743.8575568807,4719580.93322029,5.4445135080138085
799842.9401256881,4719580.93322029,7.071128796463093
799942.0226944954,4719580.93322029,9.509532939799074
800041.1052633027,4719580.93322029,11.114119439669611
800140.1878321101,4719580.93322029,10.29244011289089
800239.2704009174,4719580.93322029,9.094659020173335
800338.3529697248,4719580.93322029,11.702179398115565
800437.4355385321,4719580.93322029,14.454698852213884
800536.5181073394,4719580.93322029,25.24971630856079
800635.6006761468,4719580.93322029,26.808165790033797
800734.6832449541,4719580.93322029,20.804108222766626
800833.7658137614,4719580.93322029,16.610857225930133
800932.8483825688,4719580.93322029,14.686977136622486
801031.9309513761,4719580.93322029,22.50142926796684
801131.0135201835,4719580.93322029,10.784812281455851
801230.0960889908,4719580.93322029,9.580532123789864
801329.1786577981,4719580.93322029,11.726345913318667
801428.2612266055,4719580.93322029,13.99317270645865
801527.3437954128,4719580.93322029,13.499512003199376
801626.4263642202,4719580.93322029,14.018319250026993
801725.5089330275,4719580.93322029,13.697269604659049
801824.5915018348,4719580.93322029,9.767021336937864
801923.6740706422,4719580.93322029,6.683534891645409
802022.7566394495,4719580.93322029,8.851761096193801
802121.8392082568,4719580.93322029,7.131864336194417
802220.9217770642,4719580.93322029,4.016655054953282
802320.0043458715,4719580.93322029,3.0594916828331926
802419.0869146789,4719580.93322029,2.25244643083669
802518.1694834862,4719580.93322029,1.853010087958543
802617.2520522935,4719580.93322029,1.7394442964588823
802716.3346211009,4719580.93322029,1.617541340271273
802815.4171899082,4719580.93322029,1.503288982267944
802914.4997587156,4719580.93322029,1.3972372987300408
803013.5823275229,4719580.93322029,1.2996850372735715
803112.6648963302,4719580.93322029,1.2162260131349896
803211.7474651376,4719580.93322029,1.1472694630985931
803310.8300339449,4719580.93322029,1.0913902911406304
803409.9126027522,4719580.93322029,1.0476134323873691
803508.9951715596,4719580.93322029,1.0144508935638326
803608.0777403669,4719580.93322029,0.9897692356104019
803707.1603091743,4719580.93322029,0.9713281334798134
803806.2428779816,4719580.93322029,0.9573148614408468
803905.3254467889,4719580.93322029,0.9461227767622132
804004.4080155963,4719580.93322029,0.9365670533683497
793303.4905844036,4719482.382495652,0.35202313257182516
793402.573153211,4719482.382495652,0.3282203163102245
793501.6557220183,4719482.382495652,0.3502087413883592
793600.7382908256,4719482.382495652,0.35345591851875063
793699.820859633,4719482.382495652,0.3110289127815112
793798.9034284403,4719482.382495652,0.30931342106963583
793897.9859972477,4719482.382495652,0.3238564487165533
793997.068566055,4719482.382495652,0.3711587866758475
794096.1511348623,4719482.382495652,0.4383461202021044
794195.2337036697,4719482.382495652,0.47948941164376385
794294.316272477,4719482.382495652,0.5020336250368574
794393.3988412843,4719482.382495652,0.47679001333482535
794492.4814100917,4719482.382495652,0.43769840229179946
794591.563978899,4719482.382495652,0.4506544376660204
794690.6465477064,4719482.382495652,0.5035996232563256
794789.7291165137,4719482.382495652,0.6922337615774659
794888.811685321,4719482.382495652,0.8535151190765455
794987.8942541284,4719482.382495652,0.9585315522835969
795086.9768229357,4719482.382495652,0.9059082729309084
795186.0593917432,4719482.382495652,0.6324966226268506
795285.1419605504,4719482.382495652,0.6382784814461956
795384.2245293577,4719482.382495652,0.6679133527033799
795483.3070981652,4719482.382495652,0.6968586532178983
795582.3896669724,4719482.382495652,0.7314475121385265
795681.4722357797,4719482.382495652,0.7564598942481899
795780.5548045872,4719482.382495652,0.7814396012237743
795879.6373733944,4719482.382495652,0.7922173728950863
795978.7199422019,4719482.382495652,0.8880768413106239
796077.8025110092,4719482.382495652,1.4797464712645252
796176.8850798164,4719482.382495652,2.443892120612068
796275.9676486239,4719482.382495652,4.106105742984581
796375.0502174312,4719482.382495652,4.29203796752554
796474.1327862386,4719482.382495652,2.6915902647902503
796573.2153550459,4719482.382495652,1.9511149913599664
796672.2979238532,4719482.382495652,1.709222635970144
796771.3804926606,4719482.382495652,1.5234311131704323
796870.4630614679,4719482.382495652,1.5461148735235484
796969.5456302752,4719482.382495652,1.5151107404317798
797068.6281990826,4719482.382495652,2.2101189492295377
797167.7107678899,4719482.382495652,3.56485984985666
797266.7933366973,4719482.382495652,5.205961620486271
797365.8759055046,4719482.382495652,4.870182879698279
797464.9584743119,4719482.382495652,3.5658578445959335
797564.0410431193,4719482.382495652,2.69359048632519
797663.1236119266,4719482.382495652,3.1373444150222265
797762.206180734,4719482.382495652,3.7562743942465735
797861.2887495413,4719482.382495652,2.9110763487171005
797960.3713183486,4719482.382495652,2.9418554140090247
798059.453887156,4719482.382495652,3.555373988544954
798158.5364559633,4719482.382495652,3.5002508245290063
798257.6190247706,4719482.382495652,3.4636121241404103
798356.701593578,4719482.382495652,4.4272897901331465
798455.7841623853,4719482.382495652,5.98974623733532
798554.8667311927,4719482.382495652,6.2388417968759615
798653.9493,4719482.382495652,8.324054391964735
798753.0318688073,4719482.382495652,10.662678195492616
798852.1144376147,4719482.382495652,7.310177631450997
798951.197006422,4719482.382495652,5.808934872334916
799050.2795752294,4719482.382495652,4.7105286076821535
799149.3621440367,4719482.382495652,4.21033980139872
799248.444712844,4719482.382495652,4.426554084423574
799347.5272816514,4719482.382495652,4.640365050541796
799446.6098504587,4719482.382495652,4.584518951690921
799545.692419266,4719482.382495652,4.504738865355223
799644.7749880734,4719482.382495652,4.996779233043325
799743.8575568807,4719482.382495652,6.280603384148951
799842.9401256881,4719482.382495652,9.777497520484683
799942.0226944954,4719482.382495652,15.629962483563832
800041.1052633027,4719482.382495652,16.766921879092898
800140.1878321101,4719482.382495652,12.975814138095409
800239.2704009174,4719482.382495652,10.036964935029193
800338.3529697248,4719482.382495652,9.813329487274125
800437.4355385321,4719482.382495652,12.387046759849428
800536.5181073394,4719482.382495652,21.38760792989724
800635.6006761468,4719482.382495652,30.531945985136648
800734.6832449541,4719482.382495652,27.438890278104676
800833.7658137614,4719482.382495652,25.29751785546742
800932.8483825688,4719482.382495652,26.53513815805129
801031.9309513761,4719482.382495652,13.758109444698041
801131.0135201835,4719482.382495652,10.928285717854758
801230.0960889908,4719482.382495652,12.788073354714852
801329.1786577981,4719482.382495652,15.2495260953438
801428.2612266055,4719482.382495652,14.52266772328843
801527.3437954128,4719482.382495652,14.068023037067212
801626.4263642202,4719482.382495652,13.931152746474858
801725.5089330275,4719482.382495652,10.362493573862055
801824.5915018348,4719482.382495652,7.256568445794749
801923.6740706422,4719482.382495652,10.33995127622448
802022.7566394495,4719482.382495652,6.40124279251437
802121.8392082568,4719482.382495652,2.998377885360798
802220.9217770642,4719482.382495652,2.504129072316545
802320.0043458715,4719482.382495652,2.189414590245479
802419.0869146789,4719482.382495652,1.9771142965037862
802518.1694834862,4719482.382495652,1.8756469729193326
802617.2520522935,4719482.382495652,1.7640170951980017
802716.3346211009,4719482.382495652,1.6463942831545255
802815.4171899082,4719482.382495652,1.5310528147656035
802914.4997587156,4719482.382495652,1.420729202563202
803013.5823275229,4719482.382495652,1.3205010071478895
803112.6648963302,4719482.382495652,1.2330945594960374
803211.7474651376,4719482.382495652,1.160312124074583
803310.8300339449,4719482.382495652,1.1012294061615233
803409.9126027522,4719482.382495652,1.05522426279002
803508.9951715596,4719482.382495652,1.0198342144195374
803608.0777403669,4719482.382495652,0.9937731153988929
803707.1603091743,4719482.382495652,0.9741651386183007
803806.2428779816,4719482.382495652,0.9593647574455874
803905.3254467889,4719482.382495652,0.947790251993934
804004.4080155963,4719482.382495652,0.9379855257357311
793303.4905844036,4719383.831771014,0.44403893358971436
793402.573153211,4719383.831771014,0.48126182151333635
793501.6557220183,4719383.831771014,0.41875768729467655
793600.7382908256,4719383.831771014,0.37129537419296416
793699.820859633,4719383.831771014,0.3425862869018899
793798.9034284403,4719383.831771014,0.3132865069986583
793897.9859972477,4719383.831771014,0.34889028029401936
793997.068566055,4719383.831771014,0.4739365247689068
794096.1511348623,4719383.831771014,0.5954569963277959
794195.2337036697,4719383.831771014,0.5358892481206103
794294.316272477,4719383.831771014,0.49860282983286147
794393.3988412843,4719383.831771014,0.48450168128242377
794492.4814100917,4719383.831771014,0.45984826773585763
794591.563978899,4719383.831771014,0.47124765141331615
794690.6465477064,4719383.831771014,0.5319816540308299
794789.7291165137,4719383.831771014,0.7942987116321254
794888.811685321,4719383.831771014,0.9934194668627149
794987.8942541284,4719383.831771014,1.0791110996954514
795086.9768229357,4719383.831771014,1.087407550817508
795186.0593917432,4719383.831771014,0.867172859090605
795285.1419605504,4719383.831771014,0.6962589012506949
795384.2245293577,4719383.831771014,0.7136340803937719
795483.3070981652,4719383.831771014,0.7316813098561518
795582.3896669724,4719383.831771014,0.7547984149641279
795681.4722357797,4719383.831771014,0.7792452610134785
795780.5548045872,4719383.831771014,0.8065205884282077
795879.6373733944,4719383.831771014,1.0593605849702998
795978.7199422019,4719383.831771014,1.5281635531751203
796077.8025110092,4719383.831771014,3.1450594496950597
796176.8850798164,4719383.831771014,3.8442338151404063
796275.9676486239,4719383.831771014,2.5438194117175046
796375.0502174312,4719383.831771014,2.464414846863967
796474.1327862386,4719383.831771014,3.1028360905109618
796573.2153550459,4719383.831771014,4.669524136976482
796672.2979238532,4719383.831771014,4.622014543698937
796771.3804926606,4719383.831771014,4.321202112975159
796870.4630614679,4719383.831771014,4.139584610944036
796969.5456302752,4719383.831771014,3.701426237180182
797068.6281990826,4719383.831771014,3.747178514326503
797167.7107678899,4719383.831771014,4.146890837243244
797266.7933366973,4719383.831771014,4.8897882106336645
797365.8759055046,4719383.831771014,4.965875029386378
797464.9584743119,4719383.831771014,2.81613144224972
797564.0410431193,4719383.831771014,3.098246848052782
797663.1236119266,4719383.831771014,3.934503564202649
797762.206180734,4719383.831771014,4.030914741023729
797861.2887495413,4719383.831771014,2.719547441568989
797960.3713183486,4719383.831771014,3.6046488376660264
798059.453887156,4719383.831771014,6.000512047136468
798158.5364559633,4719383.831771014,7.0046452217944974
798257.6190247706,4719383.831771014,6.406291976094875
798356.701593578,4719383.831771014,4.7960370133907055
798455.7841623853,4719383.831771014,7.722530877557944
798554.8667311927,4719383.831771014,5.677317755930156
798653.9493,4719383.831771014,6.158343776790073
798753.0318688073,4719383.831771014,8.953742039583206
798852.1144376147,4719383.831771014,8.541028330654981
798951.197006422,4719383.831771014,5.599341694353268
799050.2795752294,4719383.831771014,4.760664355909398
799149.3621440367,4719383.831771014,4.22473409403095
799248.444712844,4719383.831771014,4.440435325317042
799347.5272816514,4719383.831771014,4.730962220224698
799446.6098504587,4719383.831771014,4.438113816814897
799545.692419266,4719383.831771014,4.557068349919923
799644.7749880734,4719383.831771014,5.077975309404859
799743.8575568807,4719383.831771014,6.89514741516114
799842.9401256881,4719383.831771014,12.53052273469278
799942.0226944954,4719383.831771014,19.097590505376292
800041.1052633027,4719383.831771014,20.115366185091577
800140.1878321101,4719383.831771014,15.897031550457957
800239.2704009174,4719383.831771014,11.631245491752887
800338.3529697248,4719383.831771014,11.850875966014952
800437.4355385321,4719383.831771014,16.5160768170892
800536.5181073394,4719383.831771014,26.70748193414491
800635.6006761468,4719383.831771014,21.81483186829376
800734.6832449541,4719383.831771014,16.15377245919289
800833.7658137614,4719383.831771014,15.01401244177878
800932.8483825688,4719383.831771014,14.243310542701177
801031.9309513761,4719383.831771014,14.06181235974957
801131.0135201835,4719383.831771014,18.21895057238961
801230.0960889908,4719383.831771014,19.60446761711568
801329.1786577981,4719383.831771014,17.02269660132511
801428.2612266055,4719383.831771014,15.2009073109216
801527.3437954128,4719383.831771014,14.216293173462054
801626.4263642202,4719383.831771014,12.500752719060387
801725.5089330275,4719383.831771014,7.7518051474840695
801824.5915018348,4719383.831771014,7.980713406324568
801923.6740706422,4719383.831771014,10.524964800147712
802022.7566394495,4719383.831771014,4.703860539442677
802121.8392082568,4719383.831771014,2.9878749293129223
802220.9217770642,4719383.831771014,2.1859110218592805
802320.0043458715,4719383.831771014,2.088731361194422
802419.0869146789,4719383.831771014,1.9995405999982125
802518.1694834862,4719383.831771014,1.8996593340557677
802617.2520522935,4719383.831771014,1.7888071124880145
802716.3346211009,4719383.831771014,1.6716999306744371
802815.4171899082,4719383.831771014,1.5533051672908231
802914.4997587156,4719383.831771014,1.441432164528322
803013.5823275229,4719383.831771014,1.3380165129221069
803112.6648963302,4719383.831771014,1.2472469204417458
803211.7474651376,4719383.831771014,1.1711729026758237
803310.8300339449,4719383.831771014,1.1098753379085835
803409.9126027522,4719383.831771014,1.061523057098719
803508.9951715596,4719383.831771014,1.0245490722276707
803608.0777403669,4719383.831771014,0.9970404706621848
803707.1603091743,4719383.831771014,0.9766069339122904
803806.2428779816,4719383.831771014,0.9610918810599965
803905.3254467889,4719383.831771014,0.9491787284334257
804004.4080155963,4719383.831771014,0.9392218079980584
793303.4905844036,4719285.281046377,0.7073253194409223
793402.573153211,4719285.281046377,0.6136573642773678
793501.6557220183,4719285.281046377,0.5523269966359473
793600.7382908256,4719285.281046377,0.5019661877201104
793699.820859633,4719285.281046377,0.4164940628395065
793798.9034284403,4719285.281046377,0.3625905936172084
793897.9859972477,4719285.281046377,0.4746170292279406
793997.068566055,4719285.281046377,0.5029027096302405
794096.1511348623,4719285.281046377,0.5476908681367458
794195.2337036697,4719285.281046377,0.617875619742422
794294.316272477,4719285.281046377,0.47876566432276213
794393.3988412843,4719285.281046377,0.47956370910691615
794492.4814100917,4719285.281046377,0.5202021444265217
794591.563978899,4719285.281046377,0.555159798516417
794690.6465477064,4719285.281046377,0.5168988785084696
794789.7291165137,4719285.281046377,0.7564146970450353
794888.811685321,4719285.281046377,1.0775476518129659
794987.8942541284,4719285.281046377,1.4476389218743124
795086.9768229357,4719285.281046377,1.642895364157692
795186.0593917432,4719285.281046377,1.342501904626788
795285.1419605504,4719285.281046377,0.8739708353403818
795384.2245293577,4719285.281046377,0.7220648339465356
795483.3070981652,4719285.281046377,0.7406634052162583
795582.3896669724,4719285.281046377,0.7536196385517818
795681.4722357797,4719285.281046377,0.7884517307058516
795780.5548045872,4719285.281046377,1.1920313799229671
795879.6373733944,4719285.281046377,2.0446906537368177
795978.7199422019,4719285.281046377,3.9971734157008565
796077.8025110092,4719285.281046377,2.6070333682900797
796176.8850798164,4719285.281046377,2.399690002857899
796275.9676486239,4719285.281046377,3.0323564909255785
796375.0502174312,4719285.281046377,3.0980641394887787
796474.1327862386,4719285.281046377,2.765517367250003
796573.2153550459,4719285.281046377,2.4922239623959364
796672.2979238532,4719285.281046377,2.5330492455133826
796771.3804926606,4719285.281046377,2.5157045875355535
796870.4630614679,4719285.281046377,2.602771660823842
796969.5456302752,4719285.281046377,2.8635429709660474
797068.6281990826,4719285.281046377,4.429895297469937
797167.7107678899,4719285.281046377,5.209428286232024
797266.7933366973,4719285.281046377,4.44298840323867
797365.8759055046,4719285.281046377,5.360037711937485
797464.9584743119,4719285.281046377,4.167742247062441
797564.0410431193,4719285.281046377,2.6032771828938284
797663.1236119266,4719285.281046377,3.557401132724834
797762.206180734,4719285.281046377,3.170388129892011
797861.2887495413,4719285.281046377,2.615234337436933
797960.3713183486,4719285.281046377,4.555712519153139
798059.453887156,4719285.281046377,5.932347158288052
798158.5364559633,4719285.281046377,4.289648198433187
798257.6190247706,4719285.281046377,4.164029770035699
798356.701593578,4719285.281046377,3.8695145164366544
798455.7841623853,4719285.281046377,5.393093946476129
798554.8667311927,4719285.281046377,8.945764647171904
798653.9493,4719285.281046377,6.072405151592537
798753.0318688073,4719285.281046377,8.098862322400095
798852.1144376147,4719285.281046377,7.469245439023374
798951.197006422,4719285.281046377,4.945744225062035
799050.2795752294,4719285.281046377,4.775160007539421
799149.3621440367,4719285.281046377,4.323450983936658
799248.444712844,4719285.281046377,4.598143834745732
799347.5272816514,4719285.281046377,4.592251305416051
799446.6098504587,4719285.281046377,4.336131903202794
799545.692419266,4719285.281046377,4.4424239925924205
799644.7749880734,4719285.281046377,4.778852155333818
799743.8575568807,4719285.281046377,5.75794391911321
799842.9401256881,4719285.281046377,9.481179275167502
799942.0226944954,4719285.281046377,13.157261890682854
800041.1052633027,4719285.281046377,16.287333933487613
800140.1878321101,4719285.281046377,15.478473346026666
800239.2704009174,4719285.281046377,13.93283501630398
800338.3529697248,4719285.281046377,18.35528924692433
800437.4355385321,4719285.281046377,28.681905216557578
800536.5181073394,4719285.281046377,28.799346581159675
800635.6006761468,4719285.281046377,19.159568777356125
800734.6832449541,4719285.281046377,25.195863270705164
800833.7658137614,4719285.281046377,25.169269564560334
800932.8483825688,4719285.281046377,23.749909240914832
801031.9309513761,4719285.281046377,25.121007031609622
801131.0135201835,4719285.281046377,24.35442142639199
801230.0960889908,4719285.281046377,21.17163204595209
801329.1786577981,4719285.281046377,17.883534456747434
801428.2612266055,4719285.281046377,15.83923556868637
801527.3437954128,4719285.281046377,14.510467684284988
801626.4263642202,4719285.281046377,11.20550420647336
801725.5089330275,4719285.281046377,7.077794693123015
801824.5915018348,4719285.281046377,13.486468474290653
801923.6740706422,4719285.281046377,7.2883901019513395
802022.7566394495,4719285.281046377,5.567715808451897
802121.8392082568,4719285.281046377,3.0445130702222527
802220.9217770642,4719285.281046377,2.199539863530818
802320.0043458715,4719285.281046377,2.1049362853662807
802419.0869146789,4719285.281046377,2.0166773866040417
802518.1694834862,4719285.281046377,1.9178117812936926
802617.2520522935,4719285.281046377,1.8075068803107441
802716.3346211009,4719285.281046377,1.6897757052267997
802815.4171899082,4719285.281046377,1.5710187871475743
802914.4997587156,4719285.281046377,1.4569178729165024
803013.5823275229,4719285.281046377,1.35193120042298
803112.6648963302,4719285.281046377,1.2583636740601563
803211.7474651376,4719285.281046377,1.180283542273481
803310.8300339449,4719285.281046377,1.11658063497307
803409.9126027522,4719285.281046377,1.0667498131831392
803508.9951715596,4719285.281046377,1.028144423854299
803608.0777403669,4719285.281046377,0.9997062429583723
803707.1603091743,4719285.281046377,0.9784121570390726
803806.2428779816,4719285.281046377,0.9625991477455104
803905.3254467889,4719285.281046377,0.9502695007752573
804004.4080155963,4719285.281046377,0.9400831723811487
793303.4905844036,4719186.730321739,0.8532440461820058
793402.573153211,4719186.730321739,0.6020028046364084
793501.6557220183,4719186.730321739,0.6041842730363348
793600.7382908256,4719186.730321739,0.5910762529662886
793699.820859633,4719186.730321739,0.4441856741593802
793798.9034284403,4719186.730321739,0.38444631350462394
793897.9859972477,4719186.730321739,0.5019679024764697
793997.068566055,4719186.730321739,0.5188686690421813
794096.1511348623,4719186.730321739,0.5344871322528686
794195.2337036697,4719186.730321739,0.5532199492414641
794294.316272477,4719186.730321739,0.4323915515148156
794393.3988412843,4719186.730321739,0.565813170718363
794492.4814100917,4719186.730321739,0.708538379289265
794591.563978899,4719186.730321739,0.745628315936007
794690.6465477064,4719186.730321739,0.6777501275918019
794789.7291165137,4719186.730321739,0.5520214823245841
794888.811685321,4719186.730321739,1.0028095019857886
794987.8942541284,4719186.730321739,2.3364502459186975
795086.9768229357,4719186.730321739,2.9386399606402698
795186.0593917432,4719186.730321739,2.1806508421451958
795285.1419605504,4719186.730321739,1.3604536764672388
795384.2245293577,4719186.730321739,0.8616571773541108
795483.3070981652,4719186.730321739,1.11479665597447
795582.3896669724,4719186.730321739,1.428004068139436
795681.4722357797,4719186.730321739,1.6950371939002395
795780.5548045872,4719186.730321739,2.8940789172807904
795879.6373733944,4719186.730321739,3.5514688454378653
795978.7199422019,4719186.730321739,2.286540670958525
796077.8025110092,4719186.730321739,2.4882234882829244
796176.8850798164,4719186.730321739,2.9591970519512363
796275.9676486239,4719186.730321739,3.3042144468052386
796375.0502174312,4719186.730321739,3.410950439776781
796474.1327862386,4719186.730321739,3.1520010375083216
796573.2153550459,4719186.730321739,3.085031197341204
796672.2979238532,4719186.730321739,3.344906417278199
796771.3804926606,4719186.730321739,3.513657189878138
796870.4630614679,4719186.730321739,3.572926396537784
796969.5456302752,4719186.730321739,3.013149947769766
797068.6281990826,4719186.730321739,2.717731346025647
797167.7107678899,4719186.730321739,4.7591232018896505
797266.7933366973,4719186.730321739,2.6306939230409805
797365.8759055046,4719186.730321739,2.486514806866995
797464.9584743119,4719186.730321739,5.265439435289091
797564.0410431193,4719186.730321739,2.9501268597544668
797663.1236119266,4719186.730321739,2.625596647540194
797762.206180734,4719186.730321739,2.4055725939528543
797861.2887495413,4719186.730321739,3.5991774691868472
797960.3713183486,4719186.730321739,6.196596822323195
798059.453887156,4719186.730321739,4.570147322347467
798158.5364559633,4719186.730321739,4.243299429980093
798257.6190247706,4719186.730321739,4.079415488310242
798356.701593578,4719186.730321739,3.910433385177549
798455.7841623853,4719186.730321739,5.410384104799496
798554.8667311927,4719186.730321739,8.2214924045984
798653.9493,4719186.730321739,10.510640379150246
798753.0318688073,4719186.730321739,8.191146277352226
798852.1144376147,4719186.730321739,5.402677848753199
798951.197006422,4719186.730321739,3.8276910637662307
799050.2795752294,4719186.730321739,4.072982098135788
799149.3621440367,4719186.730321739,4.266542051034305
799248.444712844,4719186.730321739,4.523345443261673
799347.5272816514,4719186.730321739,4.615297684790738
799446.6098504587,4719186.730321739,4.149321116374881
799545.692419266,4719186.730321739,4.39771940623706
799644.7749880734,4719186.730321739,4.7443137128289345
799743.8575568807,4719186.730321739,5.268885647082355
799842.9401256881,4719186.730321739,7.445824130899838
799942.0226944954,4719186.730321739,10.333468789042184
800041.1052633027,4719186.730321739,12.351316681447155
800140.1878321101,4719186.730321739,14.03884641504875
800239.2704009174,4719186.730321739,18.86140502209317
800338.3529697248,4719186.730321739,31.002122337088814
800437.4355385321,4719186.730321739,35.40917395924244
800536.5181073394,4719186.730321739,21.404060748261102
800635.6006761468,4719186.730321739,27.415153163036315
800734.6832449541,4719186.730321739,35.494981341031604
800833.7658137614,4719186.730321739,35.252748348296706
800932.8483825688,4719186.730321739,31.78689362646009
801031.9309513761,4719186.730321739,28.430712828877574
801131.0135201835,4719186.730321739,25.64087424703949
801230.0960889908,4719186.730321739,21.758885465130373
801329.1786577981,4719186.730321739,18.83625310250362
801428.2612266055,4719186.730321739,16.46165461595177
801527.3437954128,4719186.730321739,15.446346718462108
801626.4263642202,4719186.730321739,11.08303233047163
801725.5089330275,4719186.730321739,7.251025872087557
801824.5915018348,4719186.730321739,14.250580822881158
801923.6740706422,4719186.730321739,6.642396834699657
802022.7566394495,4719186.730321739,5.404442397728822
802121.8392082568,4719186.730321739,2.5691215644735603
802220.9217770642,4719186.730321739,2.2194236268672873
802320.0043458715,4719186.730321739,2.1158415778837303
802419.0869146789,4719186.730321739,2.028833915701899
802518.1694834862,4719186.730321739,1.9304122164718154
802617.2520522935,4719186.730321739,1.8214053121899454
802716.3346211009,4719186.730321739,1.7030181226982353
802815.4171899082,4719186.730321739,1.5840795182146805
802914.4997587156,4719186.730321739,1.4680926098223717
803013.5823275229,4719186.730321739,1.3610074008667878
803112.6648963302,4719186.730321739,1.2670858884648608
803211.7474651376,4719186.730321739,1.1867442116936309
803310.8300339449,4719186.730321739,1.121735963331702
803409.9126027522,4719186.730321739,1.0703283192886608
803508.9951715596,4719186.730321739,1.030834819065638
803608.0777403669,4719186.730321739,1.0017014127129604
803707.1603091743,4719186.730321739,0.9798943032538694
803806.2428779816,4719186.730321739,0.9635812211441227
803905.3254467889,4719186.730321739,0.9510456670442117
804004.4080155963,4719186.730321739,0.9407569799993706
793303.4905844036,4719088.179597101,0.5706430226110975
793402.573153211,4719088.179597101,0.500397633472877
793501.6557220183,4719088.179597101,0.5820067613929021
793600.7382908256,4719088.179597101,0.5081300130089232
793699.820859633,4719088.179597101,0.4557358806707639
793798.9034284403,4719088.179597101,0.43003606323286897
793897.9859972477,4719088.179597101,0.4247399765039293
793997.068566055,4719088.179597101,0.5141676716163489
794096.1511348623,4719088.179597101,0.5273067192466223
794195.2337036697,4719088.179597101,0.4573354153580637
794294.316272477,4719088.179597101,0.42036109795777404
794393.3988412843,4719088.179597101,0.6688043590944865
794492.4814100917,4719088.179597101,0.6975727184515815
794591.563978899,4719088.179597101,0.7612634009994745
794690.6465477064,4719088.179597101,0.8173177971040894
794789.7291165137,4719088.179597101,0.5421286810344438
794888.811685321,4719088.179597101,1.2528052107046115
794987.8942541284,4719088.179597101,3.0705231750948356
795086.9768229357,4719088.179597101,2.4685891688953583
795186.0593917432,4719088.179597101,3.171245652124505
795285.1419605504,4719088.179597101,2.732303200613825
795384.2245293577,4719088.179597101,1.9259247939598945
795483.3070981652,4719088.179597101,3.0805258197771566
795582.3896669724,4719088.179597101,3.9452802195111434
795681.4722357797,4719088.179597101,3.283842197522681
795780.5548045872,4719088.179597101,2.3594820601359223
795879.6373733944,4719088.179597101,2.215191895648068
795978.7199422019,4719088.179597101,2.905109305420753
796077.8025110092,4719088.179597101,3.2976312188046966
796176.8850798164,4719088.179597101,3.3970786868242775
796275.9676486239,4719088.179597101,3.578845442731266
796375.0502174312,4719088.179597101,3.599091317745929
796474.1327862386,4719088.179597101,3.6083902419421605
796573.2153550459,4719088.179597101,3.9542346187093727
796672.2979238532,4719088.179597101,4.1778546738363005
796771.3804926606,4719088.179597101,4.193356414694781
796870.4630614679,4719088.179597101,4.3129703655520455
796969.5456302752,4719088.179597101,4.377776556727505
797068.6281990826,4719088.179597101,2.9493518956336535
797167.7107678899,4719088.179597101,3.6129910181012663
797266.7933366973,4719088.179597101,2.843725099754732
797365.8759055046,4719088.179597101,2.0380083010616126
797464.9584743119,4719088.179597101,4.102849359588532
797564.0410431193,4719088.179597101,4.6915835787640585
797663.1236119266,4719088.179597101,3.342641276334466
797762.206180734,4719088.179597101,4.600756033860179
797861.2887495413,4719088.179597101,4.701650405482634
797960.3713183486,4719088.179597101,3.4767355195709206
798059.453887156,4719088.179597101,3.5048989416979377
798158.5364559633,4719088.179597101,3.5149937418918715
798257.6190247706,4719088.179597101,3.3210549931618925
798356.701593578,4719088.179597101,3.313705896593259
798455.7841623853,4719088.179597101,4.208232818067851
798554.8667311927,4719088.179597101,5.478660234762397
798653.9493,4719088.179597101,5.917158394046971
798753.0318688073,4719088.179597101,5.567093858816333
798852.1144376147,4719088.179597101,4.089861451049244
798951.197006422,4719088.179597101,3.9276348693355616
799050.2795752294,4719088.179597101,4.0828798171592124
799149.3621440367,4719088.179597101,5.431732016644959
799248.444712844,4719088.179597101,5.864832597493462
799347.5272816514,4719088.179597101,5.449300724918469
799446.6098504587,4719088.179597101,4.383326641513873
799545.692419266,4719088.179597101,4.371652337833551
799644.7749880734,4719088.179597101,4.75219572961035
799743.8575568807,4719088.179597101,5.059380789089745
799842.9401256881,4719088.179597101,6.02403452517712
799942.0226944954,4719088.179597101,7.92361569012142
800041.1052633027,4719088.179597101,9.905149930414987
800140.1878321101,4719088.179597101,11.163389749051642
800239.2704009174,4719088.179597101,22.066352804338752
800338.3529697248,4719088.179597101,42.994781827280974
800437.4355385321,4719088.179597101,24.79811445514531
800536.5181073394,4719088.179597101,34.34237021962264
800635.6006761468,4719088.179597101,41.044748050347174
800734.6832449541,4719088.179597101,43.34866224682446
800833.7658137614,4719088.179597101,38.720193469276666
800932.8483825688,4719088.179597101,33.90246486225698
801031.9309513761,4719088.179597101,31.358965233719644
801131.0135201835,4719088.179597101,26.640595172830196
801230.0960889908,4719088.179597101,22.515456349424827
801329.1786577981,4719088.179597101,19.328601237532435
801428.2612266055,4719088.179597101,16.981552145530404
801527.3437954128,4719088.179597101,16.059288846886762
801626.4263642202,4719088.179597101,12.140218724162072
801725.5089330275,4719088.179597101,7.680067544199887
801824.5915018348,4719088.179597101,12.933633083599535
801923.6740706422,4719088.179597101,5.084061424207258
802022.7566394495,4719088.179597101,3.5636893709666486
802121.8392082568,4719088.179597101,2.3726515435939373
802220.9217770642,4719088.179597101,2.2225596933052185
802320.0043458715,4719088.179597101,2.122481830031962
802419.0869146789,4719088.179597101,2.0353049216421986
802518.1694834862,4719088.179597101,1.9376817777310573
802617.2520522935,4719088.179597101,1.849915087766116
802716.3346211009,4719088.179597101,2.0695045641465293
802815.4171899082,4719088.179597101,1.9650234324289189
802914.4997587156,4719088.179597101,1.6357106273128215
803013.5823275229,4719088.179597101,1.3919032631864072
803112.6648963302,4719088.179597101,1.2715020640813794
803211.7474651376,4719088.179597101,1.1903884351733218
803310.8300339449,4719088.179597101,1.1246474024549293
803409.9126027522,4719088.179597101,1.072603462120857
803508.9951715596,4719088.179597101,1.0325493691709668
803608.0777403669,4719088.179597101,1.0027172507338675
803707.1603091743,4719088.179597101,0.9806483378105414
803806.2428779816,4719088.179597101,0.9641506582184914
803905.3254467889,4719088.179597101,0.9514940861239329
804004.4080155963,4719088.179597101,0.9411437349002437
793303.4905844036,4718989.6288724635,0.32529480168724106
793402.573153211,4718989.6288724635,0.35917237404948865
793501.6557220183,4718989.6288724635,0.4051975093269694
793600.7382908256,4718989.6288724635,0.45361935380661356
793699.820859633,4718989.6288724635,0.5180010646429101
793798.9034284403,4718989.6288724635,0.5020502790727843
793897.9859972477,4718989.6288724635,0.38223122471246673
793997.068566055,4718989.6288724635,0.3697490182059465
794096.1511348623,4718989.6288724635,0.36928263753519613
794195.2337036697,4718989.6288724635,0.3786145578146055
794294.316272477,4718989.6288724635,0.3952154991864382
794393.3988412843,4718989.6288724635,0.5804778162091601
794492.4814100917,4718989.6288724635,0.7593532778174502
794591.563978899,4718989.6288724635,0.9730302175455509
794690.6465477064,4718989.6288724635,0.9681919246976126
794789.7291165137,4718989.6288724635,0.8317712062130908
794888.811685321,4718989.6288724635,1.9388762497175653
794987.8942541284,4718989.6288724635,1.9871509169975619
795086.9768229357,4718989.6288724635,1.580882347285985
795186.0593917432,4718989.6288724635,1.6530256896036633
795285.1419605504,4718989.6288724635,1.9275189058472815
795384.2245293577,4718989.6288724635,2.235979945997259
795483.3070981652,4718989.6288724635,1.9289259067542521
795582.3896669724,4718989.6288724635,1.9262716886925055
795681.4722357797,4718989.6288724635,2.0858543708848707
795780.5548045872,4718989.6288724635,2.5036776830167784
795879.6373733944,4718989.6288724635,2.891954815104038
795978.7199422019,4718989.6288724635,3.334787616159341
796077.8025110092,4718989.6288724635,3.1043862322462936
796176.8850798164,4718989.6288724635,3.156483094321405
796275.9676486239,4718989.6288724635,3.229857677856098
796375.0502174312,4718989.6288724635,3.3351779126477217
796474.1327862386,4718989.6288724635,3.439683460616732
796573.2153550459,4718989.6288724635,3.636837474334174
796672.2979238532,4718989.6288724635,3.8675139577283706
796771.3804926606,4718989.6288724635,4.047562171762725
796870.4630614679,4718989.6288724635,4.509280108646378
796969.5456302752,4718989.6288724635,4.406736101775402
797068.6281990826,4718989.6288724635,2.6858557978266826
797167.7107678899,4718989.6288724635,4.557335090113287
797266.7933366973,4718989.6288724635,2.5055775672168417
797365.8759055046,4718989.6288724635,1.9418484954836805
797464.9584743119,4718989.6288724635,2.6594361916237443
797564.0410431193,4718989.6288724635,4.461447403285757
797663.1236119266,4718989.6288724635,5.6703974107478
797762.206180734,4718989.6288724635,4.196571778592426
797861.2887495413,4718989.6288724635,3.030299002781862
797960.3713183486,4718989.6288724635,2.75127447763263
798059.453887156,4718989.6288724635,2.6193226763530135
798158.5364559633,4718989.6288724635,2.657406176842609
798257.6190247706,4718989.6288724635,2.6625139078744224
798356.701593578,4718989.6288724635,2.7606871401528545
798455.7841623853,4718989.6288724635,2.95020551057652
798554.8667311927,4718989.6288724635,3.472656030207531
798653.9493,4718989.6288724635,3.9330627366156348
798753.0318688073,4718989.6288724635,4.001903167975776
798852.1144376147,4718989.6288724635,4.189884622096893
798951.197006422,4718989.6288724635,3.962888732079465
799050.2795752294,4718989.6288724635,4.743158263442778
799149.3621440367,4718989.6288724635,6.183691770781891
799248.444712844,4718989.6288724635,6.0331580354086745
799347.5272816514,4718989.6288724635,6.045850826479501
799446.6098504587,4718989.6288724635,5.013394399766578
799545.692419266,4718989.6288724635,4.160899926619345
799644.7749880734,4718989.6288724635,4.471529025349766
799743.8575568807,4718989.6288724635,4.814693861849543
799842.9401256881,4718989.6288724635,5.971169948127832
799942.0226944954,4718989.6288724635,7.015923699275115
800041.1052633027,4718989.6288724635,9.06945524840422
800140.1878321101,4718989.6288724635,11.42325600248204
800239.2704009174,4718989.6288724635,22.882882619232674
800338.3529697248,4718989.6288724635,34.61798016398141
800437.4355385321,4718989.6288724635,27.150014341388367
800536.5181073394,4718989.6288724635,51.26152370216403
800635.6006761468,4718989.6288724635,54.585223065018766
800734.6832449541,4718989.6288724635,44.509430119796974
800833.7658137614,4718989.6288724635,39.399396784421235
800932.8483825688,4718989.6288724635,34.220781536059434
801031.9309513761,4718989.6288724635,30.833100605693566
801131.0135201835,4718989.6288724635,26.8805353561386
801230.0960889908,4718989.6288724635,22.843082120043828
801329.1786577981,4718989.6288724635,19.720509712111177
801428.2612266055,4718989.6288724635,17.008393259145947
801527.3437954128,4718989.6288724635,16.39953290054497
801626.4263642202,4718989.6288724635,14.129718685537544
801725.5089330275,4718989.6288724635,7.742465391057891
801824.5915018348,4718989.6288724635,10.956141999501357
801923.6740706422,4718989.6288724635,4.370062339435469
802022.7566394495,4718989.6288724635,2.561092246929824
802121.8392082568,4718989.6288724635,2.3034137733119895
802220.9217770642,4718989.6288724635,2.2039359571840853
802320.0043458715,4718989.6288724635,2.124133682297375
802419.0869146789,4718989.6288724635,2.037144287484154
802518.1694834862,4718989.6288724635,1.9397479383103415
802617.2520522935,4718989.6288724635,2.2631027981138314
802716.3346211009,4718989.6288724635,2.3241190891074455
802815.4171899082,4718989.6288724635,2.160977694755284
802914.4997587156,4718989.6288724635,1.885301011755759
803013.5823275229,4718989.6288724635,1.4691287493875054
803112.6648963302,4718989.6288724635,1.272389674247394
803211.7474651376,4718989.6288724635,1.1911220280088388
803310.8300339449,4718989.6288724635,1.1252337790400075
803409.9126027522,4718989.6288724635,1.0730620720314439
803508.9951715596,4718989.6288724635,1.0328953698521215
803608.0777403669,4718989.6288724635,1.0029731374093396
803707.1603091743,4718989.6288724635,0.9808382162306853
803806.2428779816,4718989.6288724635,0.9642939710717761
803905.3254467889,4718989.6288724635,0.9516067619978601
804004.4080155963,4718989.6288724635,0.9412406334158125
793303.4905844036,4718891.078147826,0.252509270055232
793402.573153211,4718891.078147826,0.26621473716380506
793501.6557220183,4718891.078147826,0.306929321139207
793600.7382908256,4718891.078147826,0.4490535608337455
793699.820859633,4718891.078147826,0.5154499309776712
793798.9034284403,4718891.078147826,0.5336295310421352
793897.9859972477,4718891.078147826,0.4779470936252486
793997.068566055,4718891.078147826,0.36461087155060795
794096.1511348623,4718891.078147826,0.35895181921980385
794195.2337036697,4718891.078147826,0.37518457210053774
794294.316272477,4718891.078147826,0.39300702167113477
794393.3988412843,4718891.078147826,0.43546473768502214
794492.4814100917,4718891.078147826,0.8871025627477773
794591.563978899,4718891.078147826,1.1583034442470341
794690.6465477064,4718891.078147826,1.137743797013724
794789.7291165137,4718891.078147826,1.3725516352097704
794888.811685321,4718891.078147826,2.493799941222419
794987.8942541284,4718891.078147826,1.7580370111855654
795086.9768229357,4718891.078147826,1.7115936361651023
795186.0593917432,4718891.078147826,1.8199195826928967
795285.1419605504,4718891.078147826,1.929231583290704
795384.2245293577,4718891.078147826,2.1198297816179545
795483.3070981652,4718891.078147826,2.83657808683141
795582.3896669724,4718891.078147826,3.181074686678363
795681.4722357797,4718891.078147826,3.281741765860102
795780.5548045872,4718891.078147826,3.270776504652653
795879.6373733944,4718891.078147826,3.332381634660786
795978.7199422019,4718891.078147826,3.2515545560453787
796077.8025110092,4718891.078147826,3.1203477661290093
796176.8850798164,4718891.078147826,3.337560285883753
796275.9676486239,4718891.078147826,3.361773911313627
796375.0502174312,4718891.078147826,3.491762067313504
796474.1327862386,4718891.078147826,3.800637655292149
796573.2153550459,4718891.078147826,4.023290352239781
796672.2979238532,4718891.078147826,4.162870724236483
796771.3804926606,4718891.078147826,3.8480483639318113
796870.4630614679,4718891.078147826,3.430182612782918
796969.5456302752,4718891.078147826,2.7196052659982466
797068.6281990826,4718891.078147826,3.153394408566403
797167.7107678899,4718891.078147826,3.513585370676119
797266.7933366973,4718891.078147826,1.7533255361575024
797365.8759055046,4718891.078147826,1.3527161604763178
797464.9584743119,4718891.078147826,2.0144597610539177
797564.0410431193,4718891.078147826,2.4779771708806586
797663.1236119266,4718891.078147826,3.3476548343054513
797762.206180734,4718891.078147826,3.0065852298954234
797861.2887495413,4718891.078147826,2.222674164374102
797960.3713183486,4718891.078147826,2.3337184911395537
798059.453887156,4718891.078147826,2.431461010886662
798158.5364559633,4718891.078147826,2.2578902925549706
798257.6190247706,4718891.078147826,2.2244197533565577
798356.701593578,4718891.078147826,2.5771748238882677
798455.7841623853,4718891.078147826,2.980544000117396
798554.8667311927,4718891.078147826,3.3982008237485517
798653.9493,4718891.078147826,3.7643743672015715
798753.0318688073,4718891.078147826,4.012973160164738
798852.1144376147,4718891.078147826,4.138906671246153
798951.197006422,4718891.078147826,4.08471856100255
799050.2795752294,4718891.078147826,4.967335685366558
799149.3621440367,4718891.078147826,5.999902354404512
799248.444712844,4718891.078147826,5.9302939243895025
799347.5272816514,4718891.078147826,6.056303181736647
799446.6098504587,4718891.078147826,4.931172898728364
799545.692419266,4718891.078147826,3.977212402917016
799644.7749880734,4718891.078147826,4.074258541507035
799743.8575568807,4718891.078147826,5.9781941870700415
799842.9401256881,4718891.078147826,8.17958902297936
799942.0226944954,4718891.078147826,10.857359783676344
800041.1052633027,4718891.078147826,12.616494070418106
800140.1878321101,4718891.078147826,15.059231577485294
800239.2704009174,4718891.078147826,24.650597850860816
800338.3529697248,4718891.078147826,30.90896963626945
800437.4355385321,4718891.078147826,28.24236910030372
800536.5181073394,4718891.078147826,50.745490742620056
800635.6006761468,4718891.078147826,50.32876519936604
800734.6832449541,4718891.078147826,42.97963126731773
800833.7658137614,4718891.078147826,35.15991620702123
800932.8483825688,4718891.078147826,30.08286759630539
801031.9309513761,4718891.078147826,27.014199713143906
801131.0135201835,4718891.078147826,24.522541694595194
801230.0960889908,4718891.078147826,22.357165507641504
801329.1786577981,4718891.078147826,19.599978890465167
801428.2612266055,4718891.078147826,16.944570261544065
801527.3437954128,4718891.078147826,16.050989285546486
801626.4263642202,4718891.078147826,13.8894930242427
801725.5089330275,4718891.078147826,7.57928115770253
801824.5915018348,4718891.078147826,8.71309394202586
801923.6740706422,4718891.078147826,3.4744497247680037
802022.7566394495,4718891.078147826,2.3578556848587344
802121.8392082568,4718891.078147826,2.2751646218863524
802220.9217770642,4718891.078147826,2.2008950430161405
802320.0043458715,4718891.078147826,2.1208267151740414
802419.0869146789,4718891.078147826,2.0343836624186546
802518.1694834862,4718891.078147826,1.945342453910928
802617.2520522935,4718891.078147826,2.3150871603344094
802716.3346211009,4718891.078147826,2.319046231562167
802815.4171899082,4718891.078147826,2.156124613632252
802914.4997587156,4718891.078147826,1.9850743052638902
803013.5823275229,4718891.078147826,1.4771241470191339
803112.6648963302,4718891.078147826,1.2706159096946883
803211.7474651376,4718891.078147826,1.1896564283715763
803310.8300339449,4718891.078147826,1.1240623913594672
803409.9126027522,4718891.078147826,1.072146047954203
803508.9951715596,4718891.078147826,1.032204402503851
803608.0777403669,4718891.078147826,1.0024621373180405
803707.1603091743,4718891.078147826,0.9804590092336234
803806.2428779816,4718891.078147826,0.9640077283849044
803905.3254467889,4718891.078147826,0.9513816401734012
804004.4080155963,4718891.078147826,0.9410469217134201
793303.4905844036,4718792.527423188,0.2487437838143321
793402.573153211,4718792.527423188,0.26425886049300423
793501.6557220183,4718792.527423188,0.2778615288235108
793600.7382908256,4718792.527423188,0.43991533205557626
793699.820859633,4718792.527423188,0.5161348534814694
793798.9034284403,4718792.527423188,0.539566963863885
793897.9859972477,4718792.527423188,0.5198750856117077
793997.068566055,4718792.527423188,0.37803872853395676
794096.1511348623,4718792.527423188,0.36469746497489297
794195.2337036697,4718792.527423188,0.37944596352259585
794294.316272477,4718792.527423188,0.39628311569031416
794393.3988412843,4718792.527423188,0.425561416217917
794492.4814100917,4718792.527423188,0.9938498440623763
794591.563978899,4718792.527423188,1.3560067866395193
794690.6465477064,4718792.527423188,2.1416993671323676
794789.7291165137,4718792.527423188,2.4584507089932397
794888.811685321,4718792.527423188,2.0652166543315875
794987.8942541284,4718792.527423188,1.491583717375121
795086.9768229357,4718792.527423188,1.8562566321346674
795186.0593917432,4718792.527423188,1.7757925561417074
795285.1419605504,4718792.527423188,1.8877459795334268
795384.2245293577,4718792.527423188,2.093291878754275
795483.3070981652,4718792.527423188,2.58748558211058
795582.3896669724,4718792.527423188,3.1152356374373276
795681.4722357797,4718792.527423188,3.2611853654292835
795780.5548045872,4718792.527423188,3.2651443234430304
795879.6373733944,4718792.527423188,3.420026181952548
795978.7199422019,4718792.527423188,3.6283985874668105
796077.8025110092,4718792.527423188,3.748765713585925
796176.8850798164,4718792.527423188,4.001906198884819
796275.9676486239,4718792.527423188,4.049847827489244
796375.0502174312,4718792.527423188,4.2028308327719035
796474.1327862386,4718792.527423188,4.183902556646037
796573.2153550459,4718792.527423188,4.217121893285787
796672.2979238532,4718792.527423188,3.457723152134988
796771.3804926606,4718792.527423188,2.6930921067119264
796870.4630614679,4718792.527423188,2.7177873698511923
796969.5456302752,4718792.527423188,4.002217209686316
797068.6281990826,4718792.527423188,3.2959809915319807
797167.7107678899,4718792.527423188,1.8585872784241
797266.7933366973,4718792.527423188,1.0904716770814105
797365.8759055046,4718792.527423188,1.1983945186380485
797464.9584743119,4718792.527423188,1.5980541970877011
797564.0410431193,4718792.527423188,1.9067505927582737
797663.1236119266,4718792.527423188,1.9851801275154346
797762.206180734,4718792.527423188,1.8422883898158064
797861.2887495413,4718792.527423188,2.018695914133908
797960.3713183486,4718792.527423188,2.1658876558392963
798059.453887156,4718792.527423188,2.0690752865560875
798158.5364559633,4718792.527423188,1.8246124338822474
798257.6190247706,4718792.527423188,1.9627903293455093
798356.701593578,4718792.527423188,2.437712664394113
798455.7841623853,4718792.527423188,3.1431111119560806
798554.8667311927,4718792.527423188,3.519153517119369
798653.9493,4718792.527423188,3.7780208744019053
798753.0318688073,4718792.527423188,3.9985571006539518
798852.1144376147,4718792.527423188,4.121220655830314
798951.197006422,4718792.527423188,4.336946763497761
799050.2795752294,4718792.527423188,4.5886025697342765
799149.3621440367,4718792.527423188,5.708686579170309
799248.444712844,4718792.527423188,5.786720248803474
799347.5272816514,4718792.527423188,5.534416030033503
799446.6098504587,4718792.527423188,4.785987705392979
799545.692419266,4718792.527423188,4.144916189722229
799644.7749880734,4718792.527423188,5.084376809534634
799743.8575568807,4718792.527423188,8.452366930820025
799842.9401256881,4718792.527423188,11.632646043838543
799942.0226944954,4718792.527423188,18.497012528965417
800041.1052633027,4718792.527423188,20.996602171870414
800140.1878321101,4718792.527423188,19.086725876016953
800239.2704009174,4718792.527423188,26.598901905661645
800338.3529697248,4718792.527423188,36.49225568966603
800437.4355385321,4718792.527423188,24.741973016620655
800536.5181073394,4718792.527423188,43.9786735800153
800635.6006761468,4718792.527423188,42.29137553560806
800734.6832449541,4718792.527423188,35.9485083899925
800833.7658137614,4718792.527423188,31.366121554563748
800932.8483825688,4718792.527423188,27.55935841091111
801031.9309513761,4718792.527423188,24.28111955529165
801131.0135201835,4718792.527423188,21.508290308604106
801230.0960889908,4718792.527423188,20.31682572774322
801329.1786577981,4718792.527423188,17.940019187391822
801428.2612266055,4718792.527423188,16.171450724496953
801527.3437954128,4718792.527423188,14.561965898073284
801626.4263642202,4718792.527423188,9.981655090371973
801725.5089330275,4718792.527423188,9.042489272411695
801824.5915018348,4718792.527423188,6.062022177352442
801923.6740706422,4718792.527423188,3.0229468863727544
802022.7566394495,4718792.527423188,2.34125452868315
802121.8392082568,4718792.527423188,2.267086239963098
802220.9217770642,4718792.527423188,2.193256115180048
802320.0043458715,4718792.527423188,2.1133377425955873
802419.0869146789,4718792.527423188,2.026044689626525
802518.1694834862,4718792.527423188,1.927278533201872
802617.2520522935,4718792.527423188,2.164462928246457
802716.3346211009,4718792.527423188,2.254957700587983
802815.4171899082,4718792.527423188,2.174610878027872
802914.4997587156,4718792.527423188,1.8654043583449855
803013.5823275229,4718792.527423188,1.35898173585702
803112.6648963302,4718792.527423188,1.264453752167968
803211.7474651376,4718792.527423188,1.1845765809033697
803310.8300339449,4718792.527423188,1.1205808922915854
803409.9126027522,4718792.527423188,1.0694265912645746
803508.9951715596,4718792.527423188,1.030156157603183
803608.0777403669,4718792.527423188,1.0011980854928098
803707.1603091743,4718792.527423188,0.9795205473704255
803806.2428779816,4718792.527423188,0.9632987690312441
803905.3254467889,4718792.527423188,0.950822807423192
804004.4080155963,4718792.527423188,0.9406604940044548
793303.4905844036,4718693.97669855,0.24639824316362208
793402.573153211,4718693.97669855,0.2581029362390395
793501.6557220183,4718693.97669855,0.272985855006232
793600.7382908256,4718693.97669855,0.4756868598558474
793699.820859633,4718693.97669855,0.6787735960490043
793798.9034284403,4718693.97669855,0.6973834266268791
793897.9859972477,4718693.97669855,0.57218802650534
793997.068566055,4718693.97669855,0.42377867782479073
794096.1511348623,4718693.97669855,0.43627648498028365
794195.2337036697,4718693.97669855,0.42382681406946526
794294.316272477,4718693.97669855,0.3990569717547826
794393.3988412843,4718693.97669855,0.47214912078682997
794492.4814100917,4718693.97669855,0.8700250299065894
794591.563978899,4718693.97669855,1.359830544730899
794690.6465477064,4718693.97669855,2.636474908314363
794789.7291165137,4718693.97669855,2.185421101285671
794888.811685321,4718693.97669855,1.4178771439038127
794987.8942541284,4718693.97669855,1.645418307320169
795086.9768229357,4718693.97669855,1.667823645903597
795186.0593917432,4718693.97669855,1.7573350034124458
795285.1419605504,4718693.97669855,2.0240483038546246
795384.2245293577,4718693.97669855,2.0927643122561568
795483.3070981652,4718693.97669855,1.999601478217091
795582.3896669724,4718693.97669855,1.9536805690357861
795681.4722357797,4718693.97669855,2.2144244674535987
795780.5548045872,4718693.97669855,2.77958220920559
795879.6373733944,4718693.97669855,3.1474871364458146
795978.7199422019,4718693.97669855,3.5688789575385402
796077.8025110092,4718693.97669855,3.2105682409970266
796176.8850798164,4718693.97669855,3.293376005908752
796275.9676486239,4718693.97669855,3.483050822013346
796375.0502174312,4718693.97669855,4.249857543013558
796474.1327862386,4718693.97669855,4.6884296351494275
796573.2153550459,4718693.97669855,3.356860289299312
796672.2979238532,4718693.97669855,2.530765291117084
796771.3804926606,4718693.97669855,4.155758454838412
796870.4630614679,4718693.97669855,2.975230364786038
796969.5456302752,4718693.97669855,1.7793232798152223
797068.6281990826,4718693.97669855,1.4190316471789055
797167.7107678899,4718693.97669855,1.1422722660417381
797266.7933366973,4718693.97669855,0.9694323479221699
797365.8759055046,4718693.97669855,1.0084542108998198
797464.9584743119,4718693.97669855,1.1070834898291415
797564.0410431193,4718693.97669855,1.1920886850342336
797663.1236119266,4718693.97669855,1.1392388175265213
797762.206180734,4718693.97669855,1.21982040091302
797861.2887495413,4718693.97669855,1.5246296446017276
797960.3713183486,4718693.97669855,1.5948242425953731
798059.453887156,4718693.97669855,1.5418915203084669
798158.5364559633,4718693.97669855,1.5413223681530668
798257.6190247706,4718693.97669855,1.8041951390382742
798356.701593578,4718693.97669855,2.216411456580759
798455.7841623853,4718693.97669855,3.0327939881507704
798554.8667311927,4718693.97669855,3.4852427252910236
798653.9493,4718693.97669855,3.756026622251255
798753.0318688073,4718693.97669855,3.9617810432194727
798852.1144376147,4718693.97669855,4.168099803231978
798951.197006422,4718693.97669855,4.34818790134156
799050.2795752294,4718693.97669855,4.427411885332998
799149.3621440367,4718693.97669855,4.333780967555454
799248.444712844,4718693.97669855,5.0275585943931365
799347.5272816514,4718693.97669855,5.0972954808203506
799446.6098504587,4718693.97669855,5.051565663801311
799545.692419266,4718693.97669855,5.164445056216682
799644.7749880734,4718693.97669855,6.078705372918597
799743.8575568807,4718693.97669855,9.552493791957152
799842.9401256881,4718693.97669855,13.619834469084987
799942.0226944954,4718693.97669855,22.126814550262456
800041.1052633027,4718693.97669855,19.550429705953203
800140.1878321101,4718693.97669855,15.884406326064102
800239.2704009174,4718693.97669855,18.965564008791258
800338.3529697248,4718693.97669855,34.25405776113589
800437.4355385321,4718693.97669855,20.076591542315683
800536.5181073394,4718693.97669855,24.309327982166774
800635.6006761468,4718693.97669855,26.838859173040788
800734.6832449541,4718693.97669855,22.63528406166087
800833.7658137614,4718693.97669855,20.688734414753142
800932.8483825688,4718693.97669855,21.09920189082978
801031.9309513761,4718693.97669855,20.162320666746506
801131.0135201835,4718693.97669855,17.667400390978038
801230.0960889908,4718693.97669855,16.639139848306193
801329.1786577981,4718693.97669855,16.798884136418028
801428.2612266055,4718693.97669855,16.04772440453938
801527.3437954128,4718693.97669855,12.842856705329988
801626.4263642202,4718693.97669855,8.13359448864554
801725.5089330275,4718693.97669855,11.548756781613847
801824.5915018348,4718693.97669855,4.607456581814778
801923.6740706422,4718693.97669855,2.765920769984891
802022.7566394495,4718693.97669855,2.3489652913056096
802121.8392082568,4718693.97669855,2.2546011094624454
802220.9217770642,4718693.97669855,2.1800702890756036
802320.0043458715,4718693.97669855,2.100703042413883
802419.0869146789,4718693.97669855,2.0119530047939387
802518.1694834862,4718693.97669855,1.913572572847258
802617.2520522935,4718693.97669855,1.8318086523200792
802716.3346211009,4718693.97669855,1.8700657476981057
802815.4171899082,4718693.97669855,1.7265032126349218
802914.4997587156,4718693.97669855,1.499478650692129
803013.5823275229,4718693.97669855,1.347930023062437
803112.6648963302,4718693.97669855,1.2557758640531942
803211.7474651376,4718693.97669855,1.1774525823266708
803310.8300339449,4718693.97669855,1.114886360158824
803409.9126027522,4718693.97669855,1.0654273314669767
803508.9951715596,4718693.97669855,1.0271520595510895
803608.0777403669,4718693.97669855,0.9989704080250608
803707.1603091743,4718693.97669855,0.9778651195724016
803806.2428779816,4718693.97669855,0.9621837752470013
803905.3254467889,4718693.97669855,0.9499400925585356
804004.4080155963,4718693.97669855,0.9398913054100697
793303.4905844036,4718595.425973913,0.2602389312656838
793402.573153211,4718595.425973913,0.2691326452158042
793501.6557220183,4718595.425973913,0.3668694061167088
793600.7382908256,4718595.425973913,0.6757430770426612
793699.820859633,4718595.425973913,1.0257429607557635
793798.9034284403,4718595.425973913,0.9132586946212989
793897.9859972477,4718595.425973913,0.6758866492172954
793997.068566055,4718595.425973913,0.5922146927597787
794096.1511348623,4718595.425973913,0.5759143256891422
794195.2337036697,4718595.425973913,0.5546550003051248
794294.316272477,4718595.425973913,0.4335548096577098
794393.3988412843,4718595.425973913,0.46190011247643703
794492.4814100917,4718595.425973913,0.6355254507997067
794591.563978899,4718595.425973913,1.0778027598292563
794690.6465477064,4718595.425973913,2.206256923564594
794789.7291165137,4718595.425973913,2.628880965145932
794888.811685321,4718595.425973913,1.5304831933731198
794987.8942541284,4718595.425973913,1.5449505012739095
795086.9768229357,4718595.425973913,1.69094246846724
795186.0593917432,4718595.425973913,2.8652499898557084
795285.1419605504,4718595.425973913,1.872445408989279
795384.2245293577,4718595.425973913,1.8566891244925534
795483.3070981652,4718595.425973913,2.5998471389144173
795582.3896669724,4718595.425973913,3.7211595184946247
795681.4722357797,4718595.425973913,2.5713020126095305
795780.5548045872,4718595.425973913,2.0758714335579938
795879.6373733944,4718595.425973913,2.20640122182716
795978.7199422019,4718595.425973913,2.395473032003292
796077.8025110092,4718595.425973913,2.2219254790360834
796176.8850798164,4718595.425973913,2.3305280221624205
796275.9676486239,4718595.425973913,2.4259345237724372
796375.0502174312,4718595.425973913,2.54571779335323
796474.1327862386,4718595.425973913,2.5318034870148116
796573.2153550459,4718595.425973913,2.6365447267402575
796672.2979238532,4718595.425973913,4.325143393455523
796771.3804926606,4718595.425973913,2.118831825877317
796870.4630614679,4718595.425973913,1.185332714131658
796969.5456302752,4718595.425973913,0.933216892462666
797068.6281990826,4718595.425973913,0.9517729936084343
797167.7107678899,4718595.425973913,0.9497491416793863
797266.7933366973,4718595.425973913,1.0621010280534717
797365.8759055046,4718595.425973913,1.1749202609529634
797464.9584743119,4718595.425973913,1.1421595059668352
797564.0410431193,4718595.425973913,1.017008456431392
797663.1236119266,4718595.425973913,1.0032297997414725
797762.206180734,4718595.425973913,1.0526742092682244
797861.2887495413,4718595.425973913,1.1400975847980939
797960.3713183486,4718595.425973913,1.2486053119673757
798059.453887156,4718595.425973913,1.3307655822890545
798158.5364559633,4718595.425973913,1.4879027627207015
798257.6190247706,4718595.425973913,1.901300439377854
798356.701593578,4718595.425973913,2.7344426301094362
798455.7841623853,4718595.425973913,3.1233918298351404
798554.8667311927,4718595.425973913,3.301840114108695
798653.9493,4718595.425973913,3.710517863648931
798753.0318688073,4718595.425973913,3.9395310017928615
798852.1144376147,4718595.425973913,4.090207936848941
798951.197006422,4718595.425973913,4.356592517447754
799050.2795752294,4718595.425973913,5.26326085529736
799149.3621440367,4718595.425973913,5.648216106453228
799248.444712844,4718595.425973913,5.394113986189279
799347.5272816514,4718595.425973913,5.256718531136357
799446.6098504587,4718595.425973913,5.27739503514096
799545.692419266,4718595.425973913,5.394167844905701
799644.7749880734,4718595.425973913,7.0112140370187594
799743.8575568807,4718595.425973913,10.865119773371244
799842.9401256881,4718595.425973913,18.946127387510057
799942.0226944954,4718595.425973913,16.172841971169234
800041.1052633027,4718595.425973913,22.4083838512694
800140.1878321101,4718595.425973913,22.61184389222553
800239.2704009174,4718595.425973913,16.399684076485382
800338.3529697248,4718595.425973913,21.836780266200442
800437.4355385321,4718595.425973913,33.72541904167097
800536.5181073394,4718595.425973913,28.461215172175134
800635.6006761468,4718595.425973913,23.96559092527787
800734.6832449541,4718595.425973913,24.11788362832217
800833.7658137614,4718595.425973913,20.748563258533032
800932.8483825688,4718595.425973913,16.68444211717751
801031.9309513761,4718595.425973913,13.303126447152714
801131.0135201835,4718595.425973913,11.793801999262804
801230.0960889908,4718595.425973913,11.613270727924158
801329.1786577981,4718595.425973913,13.874374499943546
801428.2612266055,4718595.425973913,16.09380351254388
801527.3437954128,4718595.425973913,11.87226209421128
801626.4263642202,4718595.425973913,7.551529432870916
801725.5089330275,4718595.425973913,10.412216347876459
801824.5915018348,4718595.425973913,3.7887548663072694
801923.6740706422,4718595.425973913,2.7062329360367507
802022.7566394495,4718595.425973913,2.597334820502198
802121.8392082568,4718595.425973913,2.2864371058170816
802220.9217770642,4718595.425973913,2.262197535978358
802320.0043458715,4718595.425973913,2.153284277819732
802419.0869146789,4718595.425973913,1.9927788220038694
802518.1694834862,4718595.425973913,1.9350313119769187
802617.2520522935,4718595.425973913,1.853763197915902
802716.3346211009,4718595.425973913,1.737451010557302
802815.4171899082,4718595.425973913,1.6532159152952952
802914.4997587156,4718595.425973913,1.538893109148979
803013.5823275229,4718595.425973913,1.3622092090790183
803112.6648963302,4718595.425973913,1.2430388622612225
803211.7474651376,4718595.425973913,1.1684215774375197
803310.8300339449,4718595.425973913,1.1076825351246802
803409.9126027522,4718595.425973913,1.0598180464036495
803508.9951715596,4718595.425973913,1.0232708770536836
803608.0777403669,4718595.425973913,0.996092834889469
803707.1603091743,4718595.425973913,0.9758992566669583
803806.2428779816,4718595.425973913,0.9606882124387573
803905.3254467889,4718595.425973913,0.9487480727770631
804004.4080155963,4718595.425973913,0.9388405269289629
793303.4905844036,4718496.875249275,0.2599465222177998
793402.573153211,4718496.875249275,0.27965730103961794
793501.6557220183,4718496.875249275,0.4589311487927434
793600.7382908256,4718496.875249275,0.8577654170819637
793699.820859633,4718496.875249275,1.0495786566039478
793798.9034284403,4718496.875249275,1.1630064287854127
793897.9859972477,4718496.875249275,0.8069612896247113
793997.068566055,4718496.875249275,0.6322851566155724
794096.1511348623,4718496.875249275,0.6935701161710539
794195.2337036697,4718496.875249275,0.683541418297169
794294.316272477,4718496.875249275,0.6921429746374199
794393.3988412843,4718496.875249275,0.7263691212850757
794492.4814100917,4718496.875249275,0.8931496538563776
794591.563978899,4718496.875249275,0.9804992897538174
794690.6465477064,4718496.875249275,1.2117592728979325
794789.7291165137,4718496.875249275,1.7631417983526974
794888.811685321,4718496.875249275,2.820709089912186
794987.8942541284,4718496.875249275,2.813322810939935
795086.9768229357,4718496.875249275,2.2689232069527447
795186.0593917432,4718496.875249275,1.322426745599032
795285.1419605504,4718496.875249275,0.8108171176658756
795384.2245293577,4718496.875249275,0.7110575353880295
795483.3070981652,4718496.875249275,0.9936410654608061
795582.3896669724,4718496.875249275,1.3932242546285767
795681.4722357797,4718496.875249275,2.277692426438508
795780.5548045872,4718496.875249275,3.8003543960678523
795879.6373733944,4718496.875249275,4.025875265142202
795978.7199422019,4718496.875249275,3.4747209887209154
796077.8025110092,4718496.875249275,4.420149937184498
796176.8850798164,4718496.875249275,3.945230980449819
796275.9676486239,4718496.875249275,3.0415415765288505
796375.0502174312,4718496.875249275,2.5336925109409356
796474.1327862386,4718496.875249275,3.222382492708182
796573.2153550459,4718496.875249275,2.862491335495902
796672.2979238532,4718496.875249275,1.7196507651945283
796771.3804926606,4718496.875249275,1.0508451853096963
796870.4630614679,4718496.875249275,0.9418886302242184
796969.5456302752,4718496.875249275,0.9943010214204788
797068.6281990826,4718496.875249275,0.9846866337495924
797167.7107678899,4718496.875249275,0.9770249438764799
797266.7933366973,4718496.875249275,1.2426383336267512
797365.8759055046,4718496.875249275,1.247155297005281
797464.9584743119,4718496.875249275,1.2630437023112373
797564.0410431193,4718496.875249275,1.1437832165511679
797663.1236119266,4718496.875249275,0.999460223004668
797762.206180734,4718496.875249275,1.036187792971106
797861.2887495413,4718496.875249275,1.1122132744688835
797960.3713183486,4718496.875249275,1.1942857881892368
798059.453887156,4718496.875249275,1.2569649574821795
798158.5364559633,4718496.875249275,1.6834422406521332
798257.6190247706,4718496.875249275,3.154885739385302
798356.701593578,4718496.875249275,4.351383682196526
798455.7841623853,4718496.875249275,4.8228637364761475
798554.8667311927,4718496.875249275,3.8083947005687206
798653.9493,4718496.875249275,3.6406181582913537
798753.0318688073,4718496.875249275,3.8822530163559508
798852.1144376147,4718496.875249275,3.9560252277655805
798951.197006422,4718496.875249275,5.295032491160081
799050.2795752294,4718496.875249275,6.278148914748816
799149.3621440367,4718496.875249275,6.808012865193667
799248.444712844,4718496.875249275,5.635411587387024
799347.5272816514,4718496.875249275,5.310503240959215
799446.6098504587,4718496.875249275,5.567874896105423
799545.692419266,4718496.875249275,6.429287797546067
799644.7749880734,4718496.875249275,7.152855426337746
799743.8575568807,4718496.875249275,9.817683422316742
799842.9401256881,4718496.875249275,16.890550594110458
799942.0226944954,4718496.875249275,18.34966253063483
800041.1052633027,4718496.875249275,15.443975131672758
800140.1878321101,4718496.875249275,23.791326823266516
800239.2704009174,4718496.875249275,21.554593915246418
800338.3529697248,4718496.875249275,20.01538663293454
800437.4355385321,4718496.875249275,20.701131232677238
800536.5181073394,4718496.875249275,15.14880777336993
800635.6006761468,4718496.875249275,13.25045683846004
800734.6832449541,4718496.875249275,11.287381774188715
800833.7658137614,4718496.875249275,15.260241785796925
800932.8483825688,4718496.875249275,21.10599860005416
801031.9309513761,4718496.875249275,24.797563228009402
801131.0135201835,4718496.875249275,19.04166012546383
801230.0960889908,4718496.875249275,10.58250494525366
801329.1786577981,4718496.875249275,9.641393380681903
801428.2612266055,4718496.875249275,13.55154508330585
801527.3437954128,4718496.875249275,13.200993141836042
801626.4263642202,4718496.875249275,7.484300295133908
801725.5089330275,4718496.875249275,9.611433018300735
801824.5915018348,4718496.875249275,4.694031700943163
801923.6740706422,4718496.875249275,2.8433943336499
802022.7566394495,4718496.875249275,2.6102556038592306
802121.8392082568,4718496.875249275,2.4171239015370776
802220.9217770642,4718496.875249275,2.4601417023986576
802320.0043458715,4718496.875249275,2.3657532150694016
802419.0869146789,4718496.875249275,2.2569756599890956
802518.1694834862,4718496.875249275,2.5148454893553676
802617.2520522935,4718496.875249275,2.898806035285901
802716.3346211009,4718496.875249275,2.8178257717565462
802815.4171899082,4718496.875249275,1.9127191952422689
802914.4997587156,4718496.875249275,1.547318020615872
803013.5823275229,4718496.875249275,1.4070695508385533
803112.6648963302,4718496.875249275,1.228205184712158
803211.7474651376,4718496.875249275,1.1563377916027744
803310.8300339449,4718496.875249275,1.0985955419108047
803409.9126027522,4718496.875249275,1.0531818809323816
803508.9951715596,4718496.875249275,1.018309381002672
803608.0777403669,4718496.875249275,0.9926391610188129
803707.1603091743,4718496.875249275,0.9733164679190436
803806.2428779816,4718496.875249275,0.9587154352522976
803905.3254467889,4718496.875249275,0.9472644964686588
804004.4080155963,4718496.875249275,0.9376065999663266
793303.4905844036,4718398.324524637,0.2589831950375533
793402.573153211,4718398.324524637,0.27128571298850124
793501.6557220183,4718398.324524637,0.4272476679121253
793600.7382908256,4718398.324524637,0.7042991929660058
793699.820859633,4718398.324524637,0.9281513803403086
793798.9034284403,4718398.324524637,0.9057335711016629
793897.9859972477,4718398.324524637,0.6880899827379732
793997.068566055,4718398.324524637,0.6159985651703598
794096.1511348623,4718398.324524637,0.7499629260540778
794195.2337036697,4718398.324524637,0.8340690673858757
794294.316272477,4718398.324524637,1.1767096828597718
794393.3988412843,4718398.324524637,1.5898034021403051
794492.4814100917,4718398.324524637,1.8701519279977963
794591.563978899,4718398.324524637,1.992267406215904
794690.6465477064,4718398.324524637,1.132344159559394
794789.7291165137,4718398.324524637,0.956585917571813
794888.811685321,4718398.324524637,1.0492581848065596
794987.8942541284,4718398.324524637,1.1527369682616357
795086.9768229357,4718398.324524637,0.9867063178851522
795186.0593917432,4718398.324524637,0.7644947688373697
795285.1419605504,4718398.324524637,0.6118840472401955
795384.2245293577,4718398.324524637,0.6357164078235404
795483.3070981652,4718398.324524637,0.6611800033611476
795582.3896669724,4718398.324524637,0.7052668594184914
795681.4722357797,4718398.324524637,0.9255407047910387
795780.5548045872,4718398.324524637,1.3647457512917585
795879.6373733944,4718398.324524637,1.7610620727000719
795978.7199422019,4718398.324524637,1.9021781282811303
796077.8025110092,4718398.324524637,1.7047083174443949
796176.8850798164,4718398.324524637,1.8845054810158122
796275.9676486239,4718398.324524637,2.5292101847763355
796375.0502174312,4718398.324524637,3.169996713524078
796474.1327862386,4718398.324524637,2.615431686684351
796573.2153550459,4718398.324524637,1.511012303801242
796672.2979238532,4718398.324524637,1.1176080963213562
796771.3804926606,4718398.324524637,0.9794904566124234
796870.4630614679,4718398.324524637,1.0663506331742423
796969.5456302752,4718398.324524637,1.0954120079128418
797068.6281990826,4718398.324524637,1.10521191296544
797167.7107678899,4718398.324524637,1.1200427680761675
797266.7933366973,4718398.324524637,1.2433105743574875
797365.8759055046,4718398.324524637,1.2681114576323154
797464.9584743119,4718398.324524637,1.2602674781096863
797564.0410431193,4718398.324524637,1.1771410814550607
797663.1236119266,4718398.324524637,0.9949242450877547
797762.206180734,4718398.324524637,1.0213822183717185
797861.2887495413,4718398.324524637,1.0714343055733273
797960.3713183486,4718398.324524637,1.128145398048636
798059.453887156,4718398.324524637,1.2070008621515604
798158.5364559633,4718398.324524637,2.1993737023851425
798257.6190247706,4718398.324524637,4.497970617997123
798356.701593578,4718398.324524637,7.753324180480906
798455.7841623853,4718398.324524637,8.673758645772082
798554.8667311927,4718398.324524637,5.727146632544649
798653.9493,4718398.324524637,4.400741904178756
798753.0318688073,4718398.324524637,3.822235363832391
798852.1144376147,4718398.324524637,3.766405577872245
798951.197006422,4718398.324524637,5.402681726834876
799050.2795752294,4718398.324524637,6.4074154431422725
799149.3621440367,4718398.324524637,7.253291714958458
799248.444712844,4718398.324524637,6.491920708625231
799347.5272816514,4718398.324524637,5.986770875201674
799446.6098504587,4718398.324524637,6.711311975524923
799545.692419266,4718398.324524637,6.5927169982408635
799644.7749880734,4718398.324524637,6.800581681263874
799743.8575568807,4718398.324524637,9.058312166578109
799842.9401256881,4718398.324524637,15.517459619201569
799942.0226944954,4718398.324524637,14.282760791613129
800041.1052633027,4718398.324524637,12.751335092025528
800140.1878321101,4718398.324524637,12.18110494412017
800239.2704009174,4718398.324524637,21.036999490564618
800338.3529697248,4718398.324524637,18.31342066395696
800437.4355385321,4718398.324524637,13.104008538932906
800536.5181073394,4718398.324524637,8.073777652702073
800635.6006761468,4718398.324524637,5.913625592427138
800734.6832449541,4718398.324524637,5.675006790143976
800833.7658137614,4718398.324524637,7.473515831745219
800932.8483825688,4718398.324524637,10.165375915435721
801031.9309513761,4718398.324524637,10.202997155913412
801131.0135201835,4718398.324524637,10.938784667513863
801230.0960889908,4718398.324524637,16.76986514564227
801329.1786577981,4718398.324524637,12.066199035419555
801428.2612266055,4718398.324524637,8.345572085066705
801527.3437954128,4718398.324524637,8.968962338179553
801626.4263642202,4718398.324524637,6.7646425909625885
801725.5089330275,4718398.324524637,10.209974079264292
801824.5915018348,4718398.324524637,5.656314288488992
801923.6740706422,4718398.324524637,3.0565729652483657
802022.7566394495,4718398.324524637,2.3443148607743516
802121.8392082568,4718398.324524637,2.5356750058952486
802220.9217770642,4718398.324524637,2.530799388455666
802320.0043458715,4718398.324524637,2.435553692996336
802419.0869146789,4718398.324524637,2.621038393414465
802518.1694834862,4718398.324524637,3.2972067695162712
802617.2520522935,4718398.324524637,4.116064000951399
802716.3346211009,4718398.324524637,4.287728028347506
802815.4171899082,4718398.324524637,2.9832579161281902
802914.4997587156,4718398.324524637,1.561397957048306
803013.5823275229,4718398.324524637,1.4382889968490906
803112.6648963302,4718398.324524637,1.2854658865548552
803211.7474651376,4718398.324524637,1.1428415512392993
803310.8300339449,4718398.324524637,1.087880309131302
803409.9126027522,4718398.324524637,1.0452940870237715
803508.9951715596,4718398.324524637,1.0127205490763667
803608.0777403669,4718398.324524637,0.9884818087652757
803707.1603091743,4718398.324524637,0.9703589404168415
803806.2428779816,4718398.324524637,0.9565665281756776
803905.3254467889,4718398.324524637,0.9456101996212897
804004.4080155963,4718398.324524637,0.9360011790001932
793303.4905844036,4718299.7738,0.25756049775088935
793402.573153211,4718299.7738,0.26548176137658325
793501.6557220183,4718299.7738,0.29234587981253696
793600.7382908256,4718299.7738,0.4871672836720184
793699.820859633,4718299.7738,0.5659132016369164
793798.9034284403,4718299.7738,0.5177521185418115
793897.9859972477,4718299.7738,0.4414226042223427
793997.068566055,4718299.7738,0.4717966850715732
794096.1511348623,4718299.7738,0.7185562167164421
794195.2337036697,4718299.7738,0.8537477569453671
794294.316272477,4718299.7738,1.552283182454649
794393.3988412843,4718299.7738,1.0711665488385687
794492.4814100917,4718299.7738,1.239080886346075
794591.563978899,4718299.7738,1.282314952216286
794690.6465477064,4718299.7738,1.9981912096147878
794789.7291165137,4718299.7738,0.9254418343673726
794888.811685321,4718299.7738,0.5884259855904503
794987.8942541284,4718299.7738,0.5870219266275913
795086.9768229357,4718299.7738,0.5988559600938079
795186.0593917432,4718299.7738,0.6091185421573527
795285.1419605504,4718299.7738,0.6107204164596749
795384.2245293577,4718299.7738,0.6326221409324008
795483.3070981652,4718299.7738,0.6581041060821583
795582.3896669724,4718299.7738,0.6874270790107917
795681.4722357797,4718299.7738,0.8396014335337364
795780.5548045872,4718299.7738,0.9445359499792855
795879.6373733944,4718299.7738,0.9824742472116986
795978.7199422019,4718299.7738,0.9739267975193241
796077.8025110092,4718299.7738,1.2675732958851182
796176.8850798164,4718299.7738,3.007967258782404
796275.9676486239,4718299.7738,3.4027806303739343
796375.0502174312,4718299.7738,2.8289421191380977
796474.1327862386,4718299.7738,2.4189143676068836
796573.2153550459,4718299.7738,1.316745462158559
796672.2979238532,4718299.7738,1.190908067373872
796771.3804926606,4718299.7738,1.0016805379380893
796870.4630614679,4718299.7738,1.1082674868336129
796969.5456302752,4718299.7738,1.0933689261940944
797068.6281990826,4718299.7738,1.103134642669086
797167.7107678899,4718299.7738,1.1539901140765034
797266.7933366973,4718299.7738,1.3261753023323155
797365.8759055046,4718299.7738,1.4360540095862968
797464.9584743119,4718299.7738,1.3899488589245985
797564.0410431193,4718299.7738,0.9917140561703347
797663.1236119266,4718299.7738,0.9899860570230892
797762.206180734,4718299.7738,1.027988425356527
797861.2887495413,4718299.7738,1.07504631610959
797960.3713183486,4718299.7738,1.1194771267972154
798059.453887156,4718299.7738,1.2700862686616134
798158.5364559633,4718299.7738,2.165005857837294
798257.6190247706,4718299.7738,5.192839190337696
798356.701593578,4718299.7738,7.523791290975112
798455.7841623853,4718299.7738,7.011195872746989
798554.8667311927,4718299.7738,7.292688268646175
798653.9493,4718299.7738,5.243027880111856
798753.0318688073,4718299.7738,4.104059166579048
798852.1144376147,4718299.7738,3.7035741379755094
798951.197006422,4718299.7738,5.151286705429496
799050.2795752294,4718299.7738,5.883511886831095
799149.3621440367,4718299.7738,7.497451814641505
799248.444712844,4718299.7738,9.37003830932783
799347.5272816514,4718299.7738,8.345282067460495
799446.6098504587,4718299.7738,8.446724360712562
799545.692419266,4718299.7738,7.570276022917573
799644.7749880734,4718299.7738,6.7789921047072
799743.8575568807,4718299.7738,7.706052039290578
799842.9401256881,4718299.7738,10.6228384090467
799942.0226944954,4718299.7738,15.339008130636786
800041.1052633027,4718299.7738,9.744496913541363
800140.1878321101,4718299.7738,9.50965211176056
800239.2704009174,4718299.7738,14.586761996709239
800338.3529697248,4718299.7738,15.150442027998505
800437.4355385321,4718299.7738,9.160321593932869
800536.5181073394,4718299.7738,5.387588988974295
800635.6006761468,4718299.7738,4.847923021397901
800734.6832449541,4718299.7738,5.770379211598985
800833.7658137614,4718299.7738,6.6443254779344825
800932.8483825688,4718299.7738,6.827763958047543
801031.9309513761,4718299.7738,6.203278400728658
801131.0135201835,4718299.7738,5.079878452126804
801230.0960889908,4718299.7738,6.828319810365571
801329.1786577981,4718299.7738,9.616004706754996
801428.2612266055,4718299.7738,11.306615013176122
801527.3437954128,4718299.7738,7.324827576813063
801626.4263642202,4718299.7738,8.675563934443371
801725.5089330275,4718299.7738,9.282496118003618
801824.5915018348,4718299.7738,4.758575609150071
801923.6740706422,4718299.7738,2.592832037114997
802022.7566394495,4718299.7738,2.3043225551274302
802121.8392082568,4718299.7738,3.2097871253522854
802220.9217770642,4718299.7738,3.633347537394326
802320.0043458715,4718299.7738,3.2581028968540715
802419.0869146789,4718299.7738,2.8808902258979683
802518.1694834862,4718299.7738,4.042773830594542
802617.2520522935,4718299.7738,6.784529887388251
802716.3346211009,4718299.7738,7.170667279933303
802815.4171899082,4718299.7738,5.093920506410821
802914.4997587156,4718299.7738,1.9706075122444981
803013.5823275229,4718299.7738,1.449870945384601
803112.6648963302,4718299.7738,1.3430471878401316
803211.7474651376,4718299.7738,1.2573929559707129
803310.8300339449,4718299.7738,1.1665081656686211
803409.9126027522,4718299.7738,1.0804957553427643
803508.9951715596,4718299.7738,1.0066380922074676
803608.0777403669,4718299.7738,0.9841522790588975
803707.1603091743,4718299.7738,0.9670918087018876
803806.2428779816,4718299.7738,0.9541468125380395
803905.3254467889,4718299.7738,0.9435954804941512
804004.4080155963,4718299.7738,1.0823809966200317
793303.4905844036,4718201.223075362,0.24209096323853396
793402.573153211,4718201.223075362,0.2534733842122916
793501.6557220183,4718201.223075362,0.26567845289426406
793600.7382908256,4718201.223075362,0.29896289948363086
793699.820859633,4718201.223075362,0.34303150461966203
793798.9034284403,4718201.223075362,0.3425415917957835
793897.9859972477,4718201.223075362,0.3537698986747476
793997.068566055,4718201.223075362,0.4273042087531324
794096.1511348623,4718201.223075362,0.5132124059463281
794195.2337036697,4718201.223075362,0.8003429240189917
794294.316272477,4718201.223075362,1.6115261446510838
794393.3988412843,4718201.223075362,1.1975785032635187
794492.4814100917,4718201.223075362,1.2016361972760026
794591.563978899,4718201.223075362,1.3168859418717178
794690.6465477064,4718201.223075362,1.957757375601402
794789.7291165137,4718201.223075362,0.9094927124112445
794888.811685321,4718201.223075362,0.5809659808002786
794987.8942541284,4718201.223075362,0.59811561943257
795086.9768229357,4718201.223075362,0.5802029360567399
795186.0593917432,4718201.223075362,0.605945608241732
795285.1419605504,4718201.223075362,0.6324017864320542
795384.2245293577,4718201.223075362,0.6287541004687378
795483.3070981652,4718201.223075362,0.6574672380370179
795582.3896669724,4718201.223075362,0.8047900056999304
795681.4722357797,4718201.223075362,1.2431641118501464
795780.5548045872,4718201.223075362,1.7332417840434535
795879.6373733944,4718201.223075362,2.3690136474602874
795978.7199422019,4718201.223075362,2.833194394340551
796077.8025110092,4718201.223075362,3.521754412322813
796176.8850798164,4718201.223075362,4.000775331039408
796275.9676486239,4718201.223075362,3.8094982294308206
796375.0502174312,4718201.223075362,3.673558770967844
796474.1327862386,4718201.223075362,1.984772908105128
796573.2153550459,4718201.223075362,1.3159420446181223
796672.2979238532,4718201.223075362,1.2282947337323145
796771.3804926606,4718201.223075362,1.172739489188924
796870.4630614679,4718201.223075362,1.217522083432487
796969.5456302752,4718201.223075362,1.1505477589948403
797068.6281990826,4718201.223075362,1.0691397455640843
797167.7107678899,4718201.223075362,1.158964304359193
797266.7933366973,4718201.223075362,1.1758478340912302
797365.8759055046,4718201.223075362,1.2350452120520203
797464.9584743119,4718201.223075362,1.1893951572597787
797564.0410431193,4718201.223075362,1.0274008074465677
797663.1236119266,4718201.223075362,0.9856336504413798
797762.206180734,4718201.223075362,1.0577717161236455
797861.2887495413,4718201.223075362,1.1070242339925382
797960.3713183486,4718201.223075362,1.1278810015523033
798059.453887156,4718201.223075362,1.1629319219450431
798158.5364559633,4718201.223075362,1.68525255119808
798257.6190247706,4718201.223075362,4.38402211897834
798356.701593578,4718201.223075362,5.439514499073757
798455.7841623853,4718201.223075362,7.1433990741602935
798554.8667311927,4718201.223075362,7.914200899553982
798653.9493,4718201.223075362,5.182269911314226
798753.0318688073,4718201.223075362,4.2846542576474445
798852.1144376147,4718201.223075362,3.6638895744085103
798951.197006422,4718201.223075362,4.10767458900208
799050.2795752294,4718201.223075362,5.060496289728319
799149.3621440367,4718201.223075362,7.172080531872785
799248.444712844,4718201.223075362,9.14171139962374
799347.5272816514,4718201.223075362,9.047010940220806
799446.6098504587,4718201.223075362,9.54176699257031
799545.692419266,4718201.223075362,7.595331483658232
799644.7749880734,4718201.223075362,5.843497489333736
799743.8575568807,4718201.223075362,5.245225189096956
799842.9401256881,4718201.223075362,7.277374337027781
799942.0226944954,4718201.223075362,15.360538037704304
800041.1052633027,4718201.223075362,9.961202807656317
800140.1878321101,4718201.223075362,9.186889558931018
800239.2704009174,4718201.223075362,11.140866882937841
800338.3529697248,4718201.223075362,14.554866204085167
800437.4355385321,4718201.223075362,5.957807176933287
800536.5181073394,4718201.223075362,3.788071072419907
800635.6006761468,4718201.223075362,4.277046727560065
800734.6832449541,4718201.223075362,5.166862289770507
800833.7658137614,4718201.223075362,5.881231036388529
800932.8483825688,4718201.223075362,6.481388422129127
801031.9309513761,4718201.223075362,5.882132927925418
801131.0135201835,4718201.223075362,4.739504550187615
801230.0960889908,4718201.223075362,3.805378979005935
801329.1786577981,4718201.223075362,4.676491425869935
801428.2612266055,4718201.223075362,6.817378645354453
801527.3437954128,4718201.223075362,9.697305122421172
801626.4263642202,4718201.223075362,9.899637798405653
801725.5089330275,4718201.223075362,5.720968412613136
801824.5915018348,4718201.223075362,3.296556663104602
801923.6740706422,4718201.223075362,2.480263576130117
802022.7566394495,4718201.223075362,2.8437298883548716
802121.8392082568,4718201.223075362,3.897276754830778
802220.9217770642,4718201.223075362,3.828649720377552
802320.0043458715,4718201.223075362,3.412908545126105
802419.0869146789,4718201.223075362,2.5909226627207653
802518.1694834862,4718201.223075362,3.82669904006224
802617.2520522935,4718201.223075362,7.880750110980764
802716.3346211009,4718201.223075362,6.678096964460796
802815.4171899082,4718201.223075362,7.313670377027976
802914.4997587156,4718201.223075362,2.6369602544176787
803013.5823275229,4718201.223075362,1.435149201454479
803112.6648963302,4718201.223075362,1.4450050774970908
803211.7474651376,4718201.223075362,1.4339168799983215
803310.8300339449,4718201.223075362,1.279171039545681
803409.9126027522,4718201.223075362,1.18846598209251
803508.9951715596,4718201.223075362,1.0914926097051114
803608.0777403669,4718201.223075362,0.9890922524340784
803707.1603091743,4718201.223075362,0.9635812211441227
803806.2428779816,4718201.223075362,0.9514940861239329
803905.3254467889,4718201.223075362,0.9414346920877382
804004.4080155963,4718201.223075362,1.1389766251900193
793303.4905844036,4718102.672350724,0.24074647550239703
793402.573153211,4718102.672350724,0.2546452330634682
793501.6557220183,4718102.672350724,0.27091839826625613
793600.7382908256,4718102.672350724,0.2836562023434933
793699.820859633,4718102.672350724,0.2954162762054055
793798.9034284403,4718102.672350724,0.3030612537549908
793897.9859972477,4718102.672350724,0.31938308118135406
793997.068566055,4718102.672350724,0.4004913541085691
794096.1511348623,4718102.672350724,0.42670249434002133
794195.2337036697,4718102.672350724,0.5063573006516627
794294.316272477,4718102.672350724,0.8405669277861758
794393.3988412843,4718102.672350724,1.38002895548551
794492.4814100917,4718102.672350724,2.057806229376688
794591.563978899,4718102.672350724,1.826727436803082
794690.6465477064,4718102.672350724,0.9757753240634041
794789.7291165137,4718102.672350724,0.703730569080823
794888.811685321,4718102.672350724,0.5571002482076277
794987.8942541284,4718102.672350724,0.5617192835315601
795086.9768229357,4718102.672350724,0.5760758175296639
795186.0593917432,4718102.672350724,0.6535513229249572
795285.1419605504,4718102.672350724,0.7362351019139003
795384.2245293577,4718102.672350724,0.660582429981401
795483.3070981652,4718102.672350724,0.6637212892121793
795582.3896669724,4718102.672350724,1.0630611377079928
795681.4722357797,4718102.672350724,2.1557619161855133
795780.5548045872,4718102.672350724,3.5563146806849395
795879.6373733944,4718102.672350724,2.3708028789061766
795978.7199422019,4718102.672350724,2.677017393691318
796077.8025110092,4718102.672350724,3.1738477347539784
796176.8850798164,4718102.672350724,4.368304056205858
796275.9676486239,4718102.672350724,4.174459488040596
796375.0502174312,4718102.672350724,3.4347296192730625
796474.1327862386,4718102.672350724,2.254091388223655
796573.2153550459,4718102.672350724,1.7539332213744725
796672.2979238532,4718102.672350724,1.8989702611579633
796771.3804926606,4718102.672350724,1.396743884493383
796870.4630614679,4718102.672350724,1.219353292906188
796969.5456302752,4718102.672350724,1.3266852253747614
797068.6281990826,4718102.672350724,1.3932424054775956
797167.7107678899,4718102.672350724,1.5646796002541292
797266.7933366973,4718102.672350724,1.6729874139861376
797365.8759055046,4718102.672350724,1.5466794793859913
797464.9584743119,4718102.672350724,1.3010791514693087
797564.0410431193,4718102.672350724,0.9882224064342844
797663.1236119266,4718102.672350724,1.0680204312963801
797762.206180734,4718102.672350724,1.2001452354878055
797861.2887495413,4718102.672350724,1.3012745246804815
797960.3713183486,4718102.672350724,1.3913706165640272
798059.453887156,4718102.672350724,1.232323873343784
798158.5364559633,4718102.672350724,1.479487348945778
798257.6190247706,4718102.672350724,3.066805825737229
798356.701593578,4718102.672350724,5.336118485781673
798455.7841623853,4718102.672350724,7.007164382576957
798554.8667311927,4718102.672350724,6.30384262061716
798653.9493,4718102.672350724,5.007816281033949
798753.0318688073,4718102.672350724,3.930658321214641
798852.1144376147,4718102.672350724,3.225376860130275
798951.197006422,4718102.672350724,3.1323338674026284
799050.2795752294,4718102.672350724,3.758835500158916
799149.3621440367,4718102.672350724,5.532068875460548
799248.444712844,4718102.672350724,7.368154722282423
799347.5272816514,4718102.672350724,8.210019064660305
799446.6098504587,4718102.672350724,8.467366852602915
799545.692419266,4718102.672350724,6.7278073527027145
799644.7749880734,4718102.672350724,4.85129431293991
799743.8575568807,4718102.672350724,4.80176322928181
799842.9401256881,4718102.672350724,8.325376120900112
799942.0226944954,4718102.672350724,15.331534172078863
800041.1052633027,4718102.672350724,7.944434306280927
800140.1878321101,4718102.672350724,8.58551956606359
800239.2704009174,4718102.672350724,8.412581630145137
800338.3529697248,4718102.672350724,14.311757747870788
800437.4355385321,4718102.672350724,6.77946711253914
800536.5181073394,4718102.672350724,4.646452102967211
800635.6006761468,4718102.672350724,3.929535848957583
800734.6832449541,4718102.672350724,4.161681172474994
800833.7658137614,4718102.672350724,4.721688726528935
800932.8483825688,4718102.672350724,5.061625284137921
801031.9309513761,4718102.672350724,4.878500146360345
801131.0135201835,4718102.672350724,4.1735117087895786
801230.0960889908,4718102.672350724,3.68525173339523
801329.1786577981,4718102.672350724,3.871407156075483
801428.2612266055,4718102.672350724,4.2738786448854045
801527.3437954128,4718102.672350724,4.242790110210462
801626.4263642202,4718102.672350724,4.2798417279761605
801725.5089330275,4718102.672350724,3.2469113109378624
801824.5915018348,4718102.672350724,2.468503419386468
801923.6740706422,4718102.672350724,2.4988645776530594
802022.7566394495,4718102.672350724,3.112070697587308
802121.8392082568,4718102.672350724,3.7056773732981845
802220.9217770642,4718102.672350724,3.618680875016918
802320.0043458715,4718102.672350724,3.457247710345027
802419.0869146789,4718102.672350724,2.6147032116878677
802518.1694834862,4718102.672350724,2.8930766581420584
802617.2520522935,4718102.672350724,8.03228819102197
802716.3346211009,4718102.672350724,6.283900975298771
802815.4171899082,4718102.672350724,5.867400718852132
802914.4997587156,4718102.672350724,4.281608929817374
803013.5823275229,4718102.672350724,1.6838267223668388
803112.6648963302,4718102.672350724,1.4381078589807474
803211.7474651376,4718102.672350724,1.438160233736674
803310.8300339449,4718102.672350724,1.3160299467394436
803409.9126027522,4718102.672350724,1.2359782508887829
803508.9951715596,4718102.672350724,1.107439688354582
803608.0777403669,4718102.672350724,1.0399038257341788
803707.1603091743,4718102.672350724,0.9863224165232802
803806.2428779816,4718102.672350724,0.9500569257391875
803905.3254467889,4718102.672350724,0.9420616344288674
804004.4080155963,4718102.672350724,1.0729767047315337
793303.4905844036,4718004.1216260865,0.23929837190795725
793402.573153211,4718004.1216260865,0.25602423878301783
793501.6557220183,4718004.1216260865,0.269158337889935
793600.7382908256,4718004.1216260865,0.28181917343869994
793699.820859633,4718004.1216260865,0.2950695006200335
793798.9034284403,4718004.1216260865,0.30233125974064234
793897.9859972477,4718004.1216260865,0.3152553410218779
793997.068566055,4718004.1216260865,0.36957121970500395
794096.1511348623,4718004.1216260865,0.405176089788756
794195.2337036697,4718004.1216260865,0.42146136561815883
794294.316272477,4718004.1216260865,0.4968120082237224
794393.3988412843,4718004.1216260865,0.6205137725024914
794492.4814100917,4718004.1216260865,0.7611425885958025
794591.563978899,4718004.1216260865,0.7998248547794391
794690.6465477064,4718004.1216260865,0.6948088560773288
794789.7291165137,4718004.1216260865,0.5630111484166868
794888.811685321,4718004.1216260865,0.49837376273414524
794987.8942541284,4718004.1216260865,0.5283810853618267
795086.9768229357,4718004.1216260865,0.6260341360572931
795186.0593917432,4718004.1216260865,0.9102006280033156
795285.1419605504,4718004.1216260865,0.974438331366283
795384.2245293577,4718004.1216260865,0.9242843196413729
795483.3070981652,4718004.1216260865,0.7679641033295169
795582.3896669724,4718004.1216260865,1.3471840026531758
795681.4722357797,4718004.1216260865,3.407287648820912
795780.5548045872,4718004.1216260865,2.0568680426550476
795879.6373733944,4718004.1216260865,2.5086684959789034
795978.7199422019,4718004.1216260865,2.1932726346621023
796077.8025110092,4718004.1216260865,2.174067411150044
796176.8850798164,4718004.1216260865,3.202114279708319
796275.9676486239,4718004.1216260865,4.494687123120026
796375.0502174312,4718004.1216260865,4.420055313284589
796474.1327862386,4718004.1216260865,4.375160736569587
796573.2153550459,4718004.1216260865,4.146282640091131
796672.2979238532,4718004.1216260865,3.2234153055218244
796771.3804926606,4718004.1216260865,2.130063478957435
796870.4630614679,4718004.1216260865,1.8083284121209136
796969.5456302752,4718004.1216260865,2.3303943713096023
797068.6281990826,4718004.1216260865,2.7047788616159636
797167.7107678899,4718004.1216260865,3.9009722430738214
797266.7933366973,4718004.1216260865,3.987051984851084
797365.8759055046,4718004.1216260865,3.3507908912587676
797464.9584743119,4718004.1216260865,1.875973359339471
797564.0410431193,4718004.1216260865,1.1658122824160848
797663.1236119266,4718004.1216260865,1.3315995768132507
797762.206180734,4718004.1216260865,1.3943530266923294
797861.2887495413,4718004.1216260865,1.323925848335199
797960.3713183486,4718004.1216260865,1.3763322223680787
798059.453887156,4718004.1216260865,1.2549991477201894
798158.5364559633,4718004.1216260865,1.7371913313411016
798257.6190247706,4718004.1216260865,2.5291390643798604
798356.701593578,4718004.1216260865,2.8252592925445037
798455.7841623853,4718004.1216260865,3.764981504208669
798554.8667311927,4718004.1216260865,3.831587142041608
798653.9493,4718004.1216260865,3.7567287285566433
798753.0318688073,4718004.1216260865,3.9462879915002653
798852.1144376147,4718004.1216260865,3.5968638265081365
798951.197006422,4718004.1216260865,3.644192952652845
799050.2795752294,4718004.1216260865,3.8606603280105567
799149.3621440367,4718004.1216260865,4.921656333899272
799248.444712844,4718004.1216260865,6.223883161793844
799347.5272816514,4718004.1216260865,6.981312722405362
799446.6098504587,4718004.1216260865,5.962210756540685
799545.692419266,4718004.1216260865,4.689881454607921
799644.7749880734,4718004.1216260865,4.6770013306954565
799743.8575568807,4718004.1216260865,6.3457541112409865
799842.9401256881,4718004.1216260865,11.037789283712344
799942.0226944954,4718004.1216260865,7.8146000003298
800041.1052633027,4718004.1216260865,9.35342730054597
800140.1878321101,4718004.1216260865,12.107092023782904
800239.2704009174,4718004.1216260865,7.964042579258356
800338.3529697248,4718004.1216260865,11.617980208406738
800437.4355385321,4718004.1216260865,10.771028428588478
800536.5181073394,4718004.1216260865,5.72162126171342
800635.6006761468,4718004.1216260865,4.361466863370054
800734.6832449541,4718004.1216260865,3.42089409336761
800833.7658137614,4718004.1216260865,3.729202382483669
800932.8483825688,4718004.1216260865,3.9245695777630494
801031.9309513761,4718004.1216260865,4.0734856193884195
801131.0135201835,4718004.1216260865,4.181299307787232
801230.0960889908,4718004.1216260865,4.340799299587066
801329.1786577981,4718004.1216260865,3.9226612939903385
801428.2612266055,4718004.1216260865,4.675721983304797
801527.3437954128,4718004.1216260865,4.307986262013927
801626.4263642202,4718004.1216260865,3.5245387116835274
801725.5089330275,4718004.1216260865,2.739035205011706
801824.5915018348,4718004.1216260865,2.7340210863511785
801923.6740706422,4718004.1216260865,2.8137430684007776
802022.7566394495,4718004.1216260865,2.8596266932102195
802121.8392082568,4718004.1216260865,3.31112089512988
802220.9217770642,4718004.1216260865,4.1369750611542955
802320.0043458715,4718004.1216260865,3.9825086051599863
802419.0869146789,4718004.1216260865,2.4228829690690215
802518.1694834862,4718004.1216260865,2.519507124155845
802617.2520522935,4718004.1216260865,5.228895371320394
802716.3346211009,4718004.1216260865,5.79296797418881
802815.4171899082,4718004.1216260865,4.236915461611744
802914.4997587156,4718004.1216260865,5.224556319908421
803013.5823275229,4718004.1216260865,3.2964599251753515
803112.6648963302,4718004.1216260865,2.032859111614241
803211.7474651376,4718004.1216260865,1.7608686451550832
803310.8300339449,4718004.1216260865,1.47310009863381
803409.9126027522,4718004.1216260865,1.3788884492507574
803508.9951715596,4718004.1216260865,1.1772178239194158
803608.0777403669,4718004.1216260865,1.1168687808702302
803707.1603091743,4718004.1216260865,1.175514113576765
803806.2428779816,4718004.1216260865,1.0681747183003703
803905.3254467889,4718004.1216260865,0.9641353505214373
804004.4080155963,4718004.1216260865,0.982203971333178
793303.4905844036,4717905.570901449,0.23774861546888207
793402.573153211,4717905.570901449,0.2523475713510002
793501.6557220183,4717905.570901449,0.2780816396397901
793600.7382908256,4717905.570901449,0.2835349761706468
793699.820859633,4717905.570901449,0.2925221441834355
793798.9034284403,4717905.570901449,0.29900976211683644
793897.9859972477,4717905.570901449,0.31306834134733225
793997.068566055,4717905.570901449,0.3481314338641783
794096.1511348623,4717905.570901449,0.38308479213220586
794195.2337036697,4717905.570901449,0.4015938381874926
794294.316272477,4717905.570901449,0.4095840778118052
794393.3988412843,4717905.570901449,0.3975109198310995
794492.4814100917,4717905.570901449,0.49195540833105983
794591.563978899,4717905.570901449,0.5254704425266566
794690.6465477064,4717905.570901449,0.550176551776213
794789.7291165137,4717905.570901449,0.57577691809954
794888.811685321,4717905.570901449,0.4942443710736651
794987.8942541284,4717905.570901449,0.5170712404086041
795086.9768229357,4717905.570901449,0.734271150291674
795186.0593917432,4717905.570901449,1.0523732835962991
795285.1419605504,4717905.570901449,1.2684443346950074
795384.2245293577,4717905.570901449,1.781593012132494
795483.3070981652,4717905.570901449,1.4509933832242066
795582.3896669724,4717905.570901449,1.9903843608929055
795681.4722357797,4717905.570901449,2.63176963840338
795780.5548045872,4717905.570901449,2.3010721093525017
795879.6373733944,4717905.570901449,3.4316955945743466
795978.7199422019,4717905.570901449,2.5521135079475146
796077.8025110092,4717905.570901449,2.157947392337418
796176.8850798164,4717905.570901449,3.519778373886284
796275.9676486239,4717905.570901449,4.480335281288517
796375.0502174312,4717905.570901449,2.8330158887232684
796474.1327862386,4717905.570901449,2.431428676200046
796573.2153550459,4717905.570901449,2.4666505571824624
796672.2979238532,4717905.570901449,3.029226997906985
796771.3804926606,4717905.570901449,5.025198432433919
796870.4630614679,4717905.570901449,5.030972694269874
796969.5456302752,4717905.570901449,5.060196652942406
797068.6281990826,4717905.570901449,3.131443217567771
797167.7107678899,4717905.570901449,2.622852576912576
797266.7933366973,4717905.570901449,2.6208010389452405
797365.8759055046,4717905.570901449,3.5066313798324846
797464.9584743119,4717905.570901449,3.444879192820757
797564.0410431193,4717905.570901449,1.7600579819999167
797663.1236119266,4717905.570901449,1.3821962605572538
797762.206180734,4717905.570901449,1.4823777568608099
797861.2887495413,4717905.570901449,1.4580499664731965
797960.3713183486,4717905.570901449,1.311036168412968
798059.453887156,4717905.570901449,1.1981605494036112
798158.5364559633,4717905.570901449,1.6810570006341135
798257.6190247706,4717905.570901449,2.077130327453756
798356.701593578,4717905.570901449,2.732256449654009
798455.7841623853,4717905.570901449,3.2665081679826007
798554.8667311927,4717905.570901449,2.8307499944227024
798653.9493,4717905.570901449,3.5701043412694826
798753.0318688073,4717905.570901449,4.19693205758354
798852.1144376147,4717905.570901449,3.710837174831682
798951.197006422,4717905.570901449,3.732806577577357
799050.2795752294,4717905.570901449,3.9520493999859
799149.3621440367,4717905.570901449,4.797665211674574
799248.444712844,4717905.570901449,4.935916827743583
799347.5272816514,4717905.570901449,5.205484198213938
799446.6098504587,4717905.570901449,5.277650528908705
799545.692419266,4717905.570901449,5.142391412946641
799644.7749880734,4717905.570901449,4.9845105198158395
799743.8575568807,4717905.570901449,6.746494413353778
799842.9401256881,4717905.570901449,12.489957508421238
799942.0226944954,4717905.570901449,6.431348560345395
800041.1052633027,4717905.570901449,9.210990044600855
800140.1878321101,4717905.570901449,8.558919954168696
800239.2704009174,4717905.570901449,7.914805676349305
800338.3529697248,4717905.570901449,13.969936908469643
800437.4355385321,4717905.570901449,11.558556407102165
800536.5181073394,4717905.570901449,6.671951886054962
800635.6006761468,4717905.570901449,4.9146499395088306
800734.6832449541,4717905.570901449,3.5000110691037407
800833.7658137614,4717905.570901449,3.833240656183365
800932.8483825688,4717905.570901449,4.543940593602159
801031.9309513761,4717905.570901449,4.628579317600903
801131.0135201835,4717905.570901449,5.674059075707144
801230.0960889908,4717905.570901449,5.807533911120809
801329.1786577981,4717905.570901449,5.386833701885118
801428.2612266055,4717905.570901449,4.670536901696876
801527.3437954128,4717905.570901449,3.7646574209779162
801626.4263642202,4717905.570901449,2.98441226204481
801725.5089330275,4717905.570901449,3.0974884288242643
801824.5915018348,4717905.570901449,3.0094035645238826
801923.6740706422,4717905.570901449,3.2162159657695337
802022.7566394495,4717905.570901449,3.4292311350053337
802121.8392082568,4717905.570901449,3.313503417605076
802220.9217770642,4717905.570901449,3.484554526980468
802320.0043458715,4717905.570901449,2.8782424051445448
802419.0869146789,4717905.570901449,2.578338584522399
802518.1694834862,4717905.570901449,2.446846827828889
802617.2520522935,4717905.570901449,3.859061546313498
802716.3346211009,4717905.570901449,4.938276805073376
802815.4171899082,4717905.570901449,3.9694940331043704
802914.4997587156,4717905.570901449,4.548664988641744
803013.5823275229,4717905.570901449,5.0480575399404195
803112.6648963302,4717905.570901449,3.3458012614206964
803211.7474651376,4717905.570901449,2.474468211629978
803310.8300339449,4717905.570901449,2.3362659702324473
803409.9126027522,4717905.570901449,2.009605478796201
803508.9951715596,4717905.570901449,2.1683405563902167
803608.0777403669,4717905.570901449,2.1386974160316043
803707.1603091743,4717905.570901449,1.8270917191714642
803806.2428779816,4717905.570901449,1.4680749856925919
803905.3254467889,4717905.570901449,1.1275865093354942
804004.4080155963,4717905.570901449,0.9756813496305283
793303.4905844036,4717807.020176811,0.2459751610134798
793402.573153211,4717807.020176811,0.2799481674443657
793501.6557220183,4717807.020176811,0.30683264453749126
793600.7382908256,4717807.020176811,0.3223029649357929
793699.820859633,4717807.020176811,0.30175662749646603
793798.9034284403,4717807.020176811,0.31517460268381314
793897.9859972477,4717807.020176811,0.4198997933747337
793997.068566055,4717807.020176811,0.4778436009130736
794096.1511348623,4717807.020176811,0.4825831511918738
794195.2337036697,4717807.020176811,0.39505659265327353
794294.316272477,4717807.020176811,0.40713737048347615
794393.3988412843,4717807.020176811,0.4087580454045913
794492.4814100917,4717807.020176811,0.48095882989943894
794591.563978899,4717807.020176811,0.5210991098502772
794690.6465477064,4717807.020176811,0.5453465409124469
794789.7291165137,4717807.020176811,0.5706245655445231
794888.811685321,4717807.020176811,0.49143462334022475
794987.8942541284,4717807.020176811,0.5123457647281434
795086.9768229357,4717807.020176811,0.7720266997135866
795186.0593917432,4717807.020176811,1.1230208706077605
795285.1419605504,4717807.020176811,2.244396922666804
795384.2245293577,4717807.020176811,1.9879856090950319
795483.3070981652,4717807.020176811,2.5662398281776655
795582.3896669724,4717807.020176811,2.5397290250683544
795681.4722357797,4717807.020176811,2.0271484665969806
795780.5548045872,4717807.020176811,2.3653968675653982
795879.6373733944,4717807.020176811,3.1712499311207223
795978.7199422019,4717807.020176811,2.459254732328842
796077.8025110092,4717807.020176811,2.3065400968358634
796176.8850798164,4717807.020176811,3.0457480866545286
796275.9676486239,4717807.020176811,2.634770811329127
796375.0502174312,4717807.020176811,2.487419796579196
796474.1327862386,4717807.020176811,3.7574753813695354
796573.2153550459,4717807.020176811,3.945161948001701
796672.2979238532,4717807.020176811,2.8650246388304517
796771.3804926606,4717807.020176811,2.459789297481397
796870.4630614679,4717807.020176811,2.533644940644274
796969.5456302752,4717807.020176811,2.559400459252791
797068.6281990826,4717807.020176811,3.387738598025959
797167.7107678899,4717807.020176811,4.771461920448634
797266.7933366973,4717807.020176811,4.634571108022045
797365.8759055046,4717807.020176811,2.695088447113359
797464.9584743119,4717807.020176811,4.8160930792668895
797564.0410431193,4717807.020176811,2.199470292181438
797663.1236119266,4717807.020176811,1.273971996264541
797762.206180734,4717807.020176811,1.3714905488306366
797861.2887495413,4717807.020176811,1.4523896296101642
797960.3713183486,4717807.020176811,1.1924421437085815
798059.453887156,4717807.020176811,1.2694444034893353
798158.5364559633,4717807.020176811,1.3342765866093735
798257.6190247706,4717807.020176811,2.0204769680966392
798356.701593578,4717807.020176811,2.467023702768391
798455.7841623853,4717807.020176811,2.7231707625148363
798554.8667311927,4717807.020176811,3.3828046721220106
798653.9493,4717807.020176811,3.838710699460051
798753.0318688073,4717807.020176811,3.993185240136378
798852.1144376147,4717807.020176811,3.5051406977977564
798951.197006422,4717807.020176811,3.659308944982341
799050.2795752294,4717807.020176811,3.468708622288221
799149.3621440367,4717807.020176811,4.2858833044167195
799248.444712844,4717807.020176811,5.085549004344415
799347.5272816514,4717807.020176811,5.776227245049244
799446.6098504587,4717807.020176811,7.036227630397843
799545.692419266,4717807.020176811,6.825536993365736
799644.7749880734,4717807.020176811,6.664574948434942
799743.8575568807,4717807.020176811,7.734521068671405
799842.9401256881,4717807.020176811,12.429121955003437
799942.0226944954,4717807.020176811,6.504988981146913
800041.1052633027,4717807.020176811,6.44169801767234
800140.1878321101,4717807.020176811,6.988000941574264
800239.2704009174,4717807.020176811,11.80290916010641
800338.3529697248,4717807.020176811,13.062696941759075
800437.4355385321,4717807.020176811,10.034324313340191
800536.5181073394,4717807.020176811,8.017121070392559
800635.6006761468,4717807.020176811,5.079518316488813
800734.6832449541,4717807.020176811,4.087254005669185
800833.7658137614,4717807.020176811,4.213365221941801
800932.8483825688,4717807.020176811,4.653871579601945
801031.9309513761,4717807.020176811,4.966919041409288
801131.0135201835,4717807.020176811,6.027969488499313
801230.0960889908,4717807.020176811,5.9485857167624605
801329.1786577981,4717807.020176811,6.286040612407023
801428.2612266055,4717807.020176811,6.158565804748092
801527.3437954128,4717807.020176811,4.251482856895892
801626.4263642202,4717807.020176811,3.8879278405994873
801725.5089330275,4717807.020176811,3.8052343725512214
801824.5915018348,4717807.020176811,3.7148158205024533
801923.6740706422,4717807.020176811,4.296846335546499
802022.7566394495,4717807.020176811,4.282609631346393
802121.8392082568,4717807.020176811,3.4799085478313865
802220.9217770642,4717807.020176811,3.239945365347411
802320.0043458715,4717807.020176811,2.882423791827605
802419.0869146789,4717807.020176811,2.5273007713674196
802518.1694834862,4717807.020176811,2.5864264642732877
802617.2520522935,4717807.020176811,2.489496667622049
802716.3346211009,4717807.020176811,4.035117840971163
802815.4171899082,4717807.020176811,4.4372355613862196
802914.4997587156,4717807.020176811,5.056159970103914
803013.5823275229,4717807.020176811,4.736888850671176
803112.6648963302,4717807.020176811,4.291990841932272
803211.7474651376,4717807.020176811,4.280254971586171
803310.8300339449,4717807.020176811,3.74856013394899
803409.9126027522,4717807.020176811,3.5891421886126036
803508.9951715596,4717807.020176811,3.2790836176275677
803608.0777403669,4717807.020176811,3.851035113945284
803707.1603091743,4717807.020176811,2.2650119224668157
803806.2428779816,4717807.020176811,1.6652461065640043
803905.3254467889,4717807.020176811,1.1883368448639813
804004.4080155963,4717807.020176811,0.9738724261651378
793303.4905844036,4717708.469452173,0.254317667601918
793402.573153211,4717708.469452173,0.2865679934814398
793501.6557220183,4717708.469452173,0.29990238138428565
793600.7382908256,4717708.469452173,0.314002929006068
793699.820859633,4717708.469452173,0.325843223916467
793798.9034284403,4717708.469452173,0.3981947946675989
793897.9859972477,4717708.469452173,0.5946384027896199
793997.068566055,4717708.469452173,0.7041084035005936
794096.1511348623,4717708.469452173,0.6940158601756052
794195.2337036697,4717708.469452173,0.49149973524992163
794294.316272477,4717708.469452173,0.4038064252330541
794393.3988412843,4717708.469452173,0.40870956771298494
794492.4814100917,4717708.469452173,0.44292798437682507
794591.563978899,4717708.469452173,0.6379798048749022
794690.6465477064,4717708.469452173,0.7063979977542876
794789.7291165137,4717708.469452173,0.5859786770323965
794888.811685321,4717708.469452173,0.48711344502334036
794987.8942541284,4717708.469452173,0.5074200760401814
795086.9768229357,4717708.469452173,0.6325207855668858
795186.0593917432,4717708.469452173,1.1318512076370948
795285.1419605504,4717708.469452173,2.3461565333136076
795384.2245293577,4717708.469452173,1.6372153131942422
795483.3070981652,4717708.469452173,1.6499304719226153
795582.3896669724,4717708.469452173,1.8959485669253024
795681.4722357797,4717708.469452173,2.1306816164367843
795780.5548045872,4717708.469452173,2.3218258524978705
795879.6373733944,4717708.469452173,3.0559346238669596
795978.7199422019,4717708.469452173,2.718958141084405
796077.8025110092,4717708.469452173,2.218052550836635
796176.8850798164,4717708.469452173,2.2504694245519876
796275.9676486239,4717708.469452173,2.302747396803143
796375.0502174312,4717708.469452173,3.092714501077434
796474.1327862386,4717708.469452173,3.95708107909292
796573.2153550459,4717708.469452173,4.390584200773159
796672.2979238532,4717708.469452173,4.269342436213703
796771.3804926606,4717708.469452173,3.644156768798272
796870.4630614679,4717708.469452173,3.331042863347886
796969.5456302752,4717708.469452173,3.903203240721695
797068.6281990826,4717708.469452173,5.0460668702819
797167.7107678899,4717708.469452173,4.384991539808857
797266.7933366973,4717708.469452173,4.102597564594978
797365.8759055046,4717708.469452173,2.721694851235113
797464.9584743119,4717708.469452173,4.309745138397143
797564.0410431193,4717708.469452173,2.3807445923773076
797663.1236119266,4717708.469452173,1.2650207625117362
797762.206180734,4717708.469452173,1.2605466452846383
797861.2887495413,4717708.469452173,1.1541490353895523
797960.3713183486,4717708.469452173,1.1429866109090703
798059.453887156,4717708.469452173,1.2853179902800511
798158.5364559633,4717708.469452173,1.536148469571674
798257.6190247706,4717708.469452173,1.9188070451145978
798356.701593578,4717708.469452173,2.337387938585471
798455.7841623853,4717708.469452173,2.6197190514214856
798554.8667311927,4717708.469452173,2.9068009386238303
798653.9493,4717708.469452173,2.982090302925157
798753.0318688073,4717708.469452173,3.5527220221081817
798852.1144376147,4717708.469452173,4.001106804916397
798951.197006422,4717708.469452173,4.28304695447222
799050.2795752294,4717708.469452173,3.905459383608006
799149.3621440367,4717708.469452173,4.147915675056205
799248.444712844,4717708.469452173,4.946122120755783
799347.5272816514,4717708.469452173,6.188367998353296
799446.6098504587,4717708.469452173,7.482480503185699
799545.692419266,4717708.469452173,6.902771777689118
799644.7749880734,4717708.469452173,7.431920152863912
799743.8575568807,4717708.469452173,9.586393233313862
799842.9401256881,4717708.469452173,13.291725426982497
799942.0226944954,4717708.469452173,7.375197449963791
800041.1052633027,4717708.469452173,8.718114191619998
800140.1878321101,4717708.469452173,12.70833003334019
800239.2704009174,4717708.469452173,10.419360054356783
800338.3529697248,4717708.469452173,8.187668352651814
800437.4355385321,4717708.469452173,7.359524187190387
800536.5181073394,4717708.469452173,6.352480937596956
800635.6006761468,4717708.469452173,4.87025169700083
800734.6832449541,4717708.469452173,4.762617688290138
800833.7658137614,4717708.469452173,4.626045458976769
800932.8483825688,4717708.469452173,4.581138204949466
801031.9309513761,4717708.469452173,4.807267878601432
801131.0135201835,4717708.469452173,5.702278690814001
801230.0960889908,4717708.469452173,6.868045544298497
801329.1786577981,4717708.469452173,7.141874722924942
801428.2612266055,4717708.469452173,7.508274119700719
801527.3437954128,4717708.469452173,6.747283417733063
801626.4263642202,4717708.469452173,4.688115361467923
801725.5089330275,4717708.469452173,3.916345999921066
801824.5915018348,4717708.469452173,4.332293000664878
801923.6740706422,4717708.469452173,4.249923961265443
802022.7566394495,4717708.469452173,4.065128893476165
802121.8392082568,4717708.469452173,3.4577029270934148
802220.9217770642,4717708.469452173,2.8124500538351724
802320.0043458715,4717708.469452173,2.5031151240885756
802419.0869146789,4717708.469452173,2.039282265469426
802518.1694834862,4717708.469452173,2.2326296972506063
802617.2520522935,4717708.469452173,1.9271770178995562
802716.3346211009,4717708.469452173,2.057345528451851
802815.4171899082,4717708.469452173,2.531042902282394
802914.4997587156,4717708.469452173,3.120377103603809
803013.5823275229,4717708.469452173,4.406493889822667
803112.6648963302,4717708.469452173,2.8329100489290413
803211.7474651376,4717708.469452173,2.484529370283527
803310.8300339449,4717708.469452173,2.828379722961504
803409.9126027522,4717708.469452173,2.918482450314687
803508.9951715596,4717708.469452173,2.3362838385568407
803608.0777403669,4717708.469452173,3.0907014143282208
803707.1603091743,4717708.469452173,2.7446216388802047
803806.2428779816,4717708.469452173,1.6695995650305755
803905.3254467889,4717708.469452173,1.1981366984007493
804004.4080155963,4717708.469452173,1.1335292476823289
793303.4905844036,4717609.918727536,0.25138351011523474
793402.573153211,4717609.918727536,0.2841840648481203
793501.6557220183,4717609.918727536,0.29740752539739285
793600.7382908256,4717609.918727536,0.31124629106237345
793699.820859633,4717609.918727536,0.31631474164324935
793798.9034284403,4717609.918727536,0.4975304672110534
793897.9859972477,4717609.918727536,0.8960822346032044
793997.068566055,4717609.918727536,0.9611700586362588
794096.1511348623,4717609.918727536,0.9046549150669714
794195.2337036697,4717609.918727536,0.6030046326674477
794294.316272477,4717609.918727536,0.4063519245556676
794393.3988412843,4717609.918727536,0.42925028217683753
794492.4814100917,4717609.918727536,0.5929166038405913
794591.563978899,4717609.918727536,0.7879516052522354
794690.6465477064,4717609.918727536,0.8351601856383535
794789.7291165137,4717609.918727536,0.7539329725154829
794888.811685321,4717609.918727536,0.5743362693744772
794987.8942541284,4717609.918727536,0.5018372319237127
795086.9768229357,4717609.918727536,0.5247697229796736
795186.0593917432,4717609.918727536,1.0916720806737192
795285.1419605504,4717609.918727536,2.0404678956402855
795384.2245293577,4717609.918727536,1.8285337831011037
795483.3070981652,4717609.918727536,2.781158025408501
795582.3896669724,4717609.918727536,2.689695440421085
795681.4722357797,4717609.918727536,2.586158994905847
795780.5548045872,4717609.918727536,2.932258818664739
795879.6373733944,4717609.918727536,3.1174315387261458
795978.7199422019,4717609.918727536,2.9780992425488995
796077.8025110092,4717609.918727536,2.5103947806206395
796176.8850798164,4717609.918727536,2.4031090079022834
796275.9676486239,4717609.918727536,2.653554065153748
796375.0502174312,4717609.918727536,3.438828698042112
796474.1327862386,4717609.918727536,3.808733385498994
796573.2153550459,4717609.918727536,4.135459381854646
796672.2979238532,4717609.918727536,4.2288275637031685
796771.3804926606,4717609.918727536,4.079935918180682
796870.4630614679,4717609.918727536,4.2683280925633955
796969.5456302752,4717609.918727536,5.000879402818185
797068.6281990826,4717609.918727536,5.1026639507869085
797167.7107678899,4717609.918727536,4.031710349232721
797266.7933366973,4717609.918727536,3.719027962351422
797365.8759055046,4717609.918727536,2.63048467382496
797464.9584743119,4717609.918727536,4.100811886465235
797564.0410431193,4717609.918727536,2.7234715904828475
797663.1236119266,4717609.918727536,1.338294180964017
797762.206180734,4717609.918727536,1.263189465438435
797861.2887495413,4717609.918727536,1.1623859763432065
797960.3713183486,4717609.918727536,1.212979502650371
798059.453887156,4717609.918727536,1.4798984474871357
798158.5364559633,4717609.918727536,1.8535663812888834
798257.6190247706,4717609.918727536,2.202391959566843
798356.701593578,4717609.918727536,2.2642920239528586
798455.7841623853,4717609.918727536,2.2548480935162187
798554.8667311927,4717609.918727536,2.354441850732566
798653.9493,4717609.918727536,2.629922276448915
798753.0318688073,4717609.918727536,3.683852741692803
798852.1144376147,4717609.918727536,4.091320594287157
798951.197006422,4717609.918727536,4.380056180151122
799050.2795752294,4717609.918727536,4.340919869343519
799149.3621440367,4717609.918727536,3.807095730303822
799248.444712844,4717609.918727536,4.358954660296055
799347.5272816514,4717609.918727536,5.48190873555979
799446.6098504587,4717609.918727536,7.261533619746171
799545.692419266,4717609.918727536,7.183866724670976
799644.7749880734,4717609.918727536,9.030793210639853
799743.8575568807,4717609.918727536,9.893832193143151
799842.9401256881,4717609.918727536,9.132100401132378
799942.0226944954,4717609.918727536,11.511758257882661
800041.1052633027,4717609.918727536,10.934714736386535
800140.1878321101,4717609.918727536,7.577251268672964
800239.2704009174,4717609.918727536,6.857544852621233
800338.3529697248,4717609.918727536,7.162533765659909
800437.4355385321,4717609.918727536,5.67383605683358
800536.5181073394,4717609.918727536,6.652327093384827
800635.6006761468,4717609.918727536,6.420044407930399
800734.6832449541,4717609.918727536,6.468927202943157
800833.7658137614,4717609.918727536,5.368363469804418
800932.8483825688,4717609.918727536,4.477212181625966
801031.9309513761,4717609.918727536,4.518905477923359
801131.0135201835,4717609.918727536,4.949428772442948
801230.0960889908,4717609.918727536,6.749686673705496
801329.1786577981,4717609.918727536,7.205726003491308
801428.2612266055,4717609.918727536,7.068481063783701
801527.3437954128,4717609.918727536,6.417702450563296
801626.4263642202,4717609.918727536,4.434831237715161
801725.5089330275,4717609.918727536,3.4443295002210053
801824.5915018348,4717609.918727536,3.5834260088588543
801923.6740706422,4717609.918727536,3.351369600667714
802022.7566394495,4717609.918727536,3.38104388421026
802121.8392082568,4717609.918727536,2.914531494667746
802220.9217770642,4717609.918727536,2.143534329179174
802320.0043458715,4717609.918727536,1.7622672493107516
802419.0869146789,4717609.918727536,1.6185551513090806
802518.1694834862,4717609.918727536,1.564486853204766
802617.2520522935,4717609.918727536,1.7258742272149872
802716.3346211009,4717609.918727536,1.6339981455372947
802815.4171899082,4717609.918727536,1.4431681347931824
802914.4997587156,4717609.918727536,1.826651686208108
803013.5823275229,4717609.918727536,3.060765600741813
803112.6648963302,4717609.918727536,4.335548654284172
803211.7474651376,4717609.918727536,2.591910872770517
803310.8300339449,4717609.918727536,2.9158436960427707
803409.9126027522,4717609.918727536,2.8222041351211815
803508.9951715596,4717609.918727536,2.3088506378980855
803608.0777403669,4717609.918727536,3.287248234902588
803707.1603091743,4717609.918727536,1.9339448688164054
803806.2428779816,4717609.918727536,1.1614800759911035
803905.3254467889,4717609.918727536,1.1025286775540681
804004.4080155963,4717609.918727536,1.143145397069607
793303.4905844036,4717511.368002898,0.24130127263904164
793402.573153211,4717511.368002898,0.24337781582379717
793501.6557220183,4717511.368002898,0.28168587647581855
793600.7382908256,4717511.368002898,0.28796868745018206
793699.820859633,4717511.368002898,0.30454560099123446
793798.9034284403,4717511.368002898,0.45998886059845767
793897.9859972477,4717511.368002898,0.8052971440970665
793997.068566055,4717511.368002898,0.9273614861058719
794096.1511348623,4717511.368002898,0.7808435840963995
794195.2337036697,4717511.368002898,0.562843847551867
794294.316272477,4717511.368002898,0.40828192943621283
794393.3988412843,4717511.368002898,0.5046552862233332
794492.4814100917,4717511.368002898,0.687310774209619
794591.563978899,4717511.368002898,0.8240886249807245
794690.6465477064,4717511.368002898,0.8259095748677501
794789.7291165137,4717511.368002898,0.7979172702710614
794888.811685321,4717511.368002898,0.6208685845566908
794987.8942541284,4717511.368002898,0.4960760181872268
795086.9768229357,4717511.368002898,0.562361746185514
795186.0593917432,4717511.368002898,1.009102442142449
795285.1419605504,4717511.368002898,2.335045639154493
795384.2245293577,4717511.368002898,1.7609276228180468
795483.3070981652,4717511.368002898,3.4387385274695954
795582.3896669724,4717511.368002898,3.1410269337491394
795681.4722357797,4717511.368002898,3.01372803613222
795780.5548045872,4717511.368002898,3.2348341920844
795879.6373733944,4717511.368002898,3.2399454403316463
795978.7199422019,4717511.368002898,3.4046461835475594
796077.8025110092,4717511.368002898,3.1895088814597736
796176.8850798164,4717511.368002898,3.1094397007977204
796275.9676486239,4717511.368002898,3.4394760349535445
796375.0502174312,4717511.368002898,3.7172507292833252
796474.1327862386,4717511.368002898,3.9550477444145815
796573.2153550459,4717511.368002898,4.159878888750966
796672.2979238532,4717511.368002898,4.27719030249935
796771.3804926606,4717511.368002898,4.0315160940007875
796870.4630614679,4717511.368002898,4.169600899045548
796969.5456302752,4717511.368002898,4.825331734757951
797068.6281990826,4717511.368002898,4.7246026709142335
797167.7107678899,4717511.368002898,3.621003205666086
797266.7933366973,4717511.368002898,3.6971460427515757
797365.8759055046,4717511.368002898,2.7210031154451904
797464.9584743119,4717511.368002898,3.116183683354464
797564.0410431193,4717511.368002898,4.615149450036515
797663.1236119266,4717511.368002898,3.172247691010939
797762.206180734,4717511.368002898,2.500265432518855
797861.2887495413,4717511.368002898,1.999512684774497
797960.3713183486,4717511.368002898,1.7613403722761858
798059.453887156,4717511.368002898,1.640643984615026
798158.5364559633,4717511.368002898,1.9868799683359728
798257.6190247706,4717511.368002898,2.6162650589494656
798356.701593578,4717511.368002898,2.9385372363616336
798455.7841623853,4717511.368002898,2.9407636907758747
798554.8667311927,4717511.368002898,3.2180411486570533
798653.9493,4717511.368002898,3.4429288205928383
798753.0318688073,4717511.368002898,4.041344361411807
798852.1144376147,4717511.368002898,3.997562054586045
798951.197006422,4717511.368002898,4.239898508532063
799050.2795752294,4717511.368002898,4.162359649840413
799149.3621440367,4717511.368002898,3.256519990420205
799248.444712844,4717511.368002898,3.783039740290044
799347.5272816514,4717511.368002898,4.607505423124134
799446.6098504587,4717511.368002898,6.470260998514286
799545.692419266,4717511.368002898,7.259571510044997
799644.7749880734,4717511.368002898,7.040030426183079
799743.8575568807,4717511.368002898,7.596733134573017
799842.9401256881,4717511.368002898,6.5834427997345655
799942.0226944954,4717511.368002898,6.059149227972831
800041.1052633027,4717511.368002898,5.652815833951377
800140.1878321101,4717511.368002898,5.340100765548418
800239.2704009174,4717511.368002898,5.837275806811529
800338.3529697248,4717511.368002898,5.837347193647148
800437.4355385321,4717511.368002898,5.128137391076611
800536.5181073394,4717511.368002898,6.194782259515112
800635.6006761468,4717511.368002898,6.3625800758561715
800734.6832449541,4717511.368002898,6.314464089303769
800833.7658137614,4717511.368002898,5.8394144084884685
800932.8483825688,4717511.368002898,4.215071200205227
801031.9309513761,4717511.368002898,4.243118804709037
801131.0135201835,4717511.368002898,4.3525063258815555
801230.0960889908,4717511.368002898,5.6448771193961775
801329.1786577981,4717511.368002898,6.3908154024561785
801428.2612266055,4717511.368002898,5.688645706134443
801527.3437954128,4717511.368002898,4.776865699131523
801626.4263642202,4717511.368002898,4.155593748248223
801725.5089330275,4717511.368002898,3.368660615184346
801824.5915018348,4717511.368002898,3.0266506939282034
801923.6740706422,4717511.368002898,2.5769520798552947
802022.7566394495,4717511.368002898,2.439592154913116
802121.8392082568,4717511.368002898,1.9635592830481408
802220.9217770642,4717511.368002898,1.6009540057874962
802320.0043458715,4717511.368002898,1.506736461265435
802419.0869146789,4717511.368002898,1.4218094907312893
802518.1694834862,4717511.368002898,1.3463141988058824
802617.2520522935,4717511.368002898,1.2787253063843642
802716.3346211009,4717511.368002898,1.217308774133361
802815.4171899082,4717511.368002898,1.3119840270309884
802914.4997587156,4717511.368002898,1.7934415357097646
803013.5823275229,4717511.368002898,2.6127211624180657
803112.6648963302,4717511.368002898,4.7484015556660895
803211.7474651376,4717511.368002898,3.2883471780632036
803310.8300339449,4717511.368002898,2.607401077721368
803409.9126027522,4717511.368002898,3.134204296889187
803508.9951715596,4717511.368002898,4.057927113838972
803608.0777403669,4717511.368002898,1.9782247417018903
803707.1603091743,4717511.368002898,1.1655269914167494
803806.2428779816,4717511.368002898,0.9689251832260196
803905.3254467889,4717511.368002898,1.152402111351253
804004.4080155963,4717511.368002898,1.2845026966028794
793303.4905844036,4717412.81727826,0.22791695743986928
793402.573153211,4717412.81727826,0.23852223503286168
793501.6557220183,4717412.81727826,0.2495051695448892
793600.7382908256,4717412.81727826,0.2611149752110953
793699.820859633,4717412.81727826,0.2910488967108309
793798.9034284403,4717412.81727826,0.36332154488030155
793897.9859972477,4717412.81727826,0.5207522986503585
793997.068566055,4717412.81727826,0.6129488178557542
794096.1511348623,4717412.81727826,0.5623024144220916
794195.2337036697,4717412.81727826,0.4522563706722366
794294.316272477,4717412.81727826,0.4395945367279536
794393.3988412843,4717412.81727826,0.5793069426707347
794492.4814100917,4717412.81727826,0.7171182315098764
794591.563978899,4717412.81727826,0.9277822271778482
794690.6465477064,4717412.81727826,0.9055705748102915
794789.7291165137,4717412.81727826,0.9149166729087054
794888.811685321,4717412.81727826,0.7338240152136144
794987.8942541284,4717412.81727826,0.6430574731525658
795086.9768229357,4717412.81727826,0.5683096651272431
795186.0593917432,4717412.81727826,0.8735424870133027
795285.1419605504,4717412.81727826,2.320649109250722
795384.2245293577,4717412.81727826,1.6531627234576038
795483.3070981652,4717412.81727826,3.0204312864595497
795582.3896669724,4717412.81727826,3.515735842080704
795681.4722357797,4717412.81727826,3.3830114191075262
795780.5548045872,4717412.81727826,3.336391363207974
795879.6373733944,4717412.81727826,3.4466246467480564
795978.7199422019,4717412.81727826,3.6640627116492457
796077.8025110092,4717412.81727826,3.6591312599425114
796176.8850798164,4717412.81727826,3.6977448782772284
796275.9676486239,4717412.81727826,3.5376651178583827
796375.0502174312,4717412.81727826,3.7579169116604
796474.1327862386,4717412.81727826,4.114508352897214
796573.2153550459,4717412.81727826,4.312179354846718
796672.2979238532,4717412.81727826,4.187698095092863
796771.3804926606,4717412.81727826,3.887599168438232
796870.4630614679,4717412.81727826,3.937594281439557
796969.5456302752,4717412.81727826,4.540353606434094
797068.6281990826,4717412.81727826,4.736135517140848
797167.7107678899,4717412.81727826,3.202691368797374
797266.7933366973,4717412.81727826,2.674553215159809
797365.8759055046,4717412.81727826,2.554419618249624
797464.9584743119,4717412.81727826,2.5492871405618334
797564.0410431193,4717412.81727826,2.666505651132648
797663.1236119266,4717412.81727826,3.292510558279968
797762.206180734,4717412.81727826,4.777395669790404
797861.2887495413,4717412.81727826,2.84478954903267
797960.3713183486,4717412.81727826,2.221770283635289
798059.453887156,4717412.81727826,1.8792071605039693
798158.5364559633,4717412.81727826,2.499874886810875
798257.6190247706,4717412.81727826,3.4227956416467755
798356.701593578,4717412.81727826,4.255447371257099
798455.7841623853,4717412.81727826,5.696302307344898
798554.8667311927,4717412.81727826,5.296513254051889
798653.9493,4717412.81727826,4.86394616654874
798753.0318688073,4717412.81727826,4.6770285180663285
798852.1144376147,4717412.81727826,4.2055727528049385
798951.197006422,4717412.81727826,3.6580045718046215
799050.2795752294,4717412.81727826,3.222158593732651
799149.3621440367,4717412.81727826,3.0550641874854905
799248.444712844,4717412.81727826,3.2476639069223814
799347.5272816514,4717412.81727826,3.8393311964813126
799446.6098504587,4717412.81727826,5.170831776699137
799545.692419266,4717412.81727826,4.800193656969829
799644.7749880734,4717412.81727826,4.680404422803737
799743.8575568807,4717412.81727826,5.563455828544027
799842.9401256881,4717412.81727826,4.570199970129489
799942.0226944954,4717412.81727826,4.24474265240582
800041.1052633027,4717412.81727826,3.903742160473371
800140.1878321101,4717412.81727826,4.630056479938602
800239.2704009174,4717412.81727826,5.536924298240699
800338.3529697248,4717412.81727826,5.535027415221571
800437.4355385321,4717412.81727826,5.6016422861068405
800536.5181073394,4717412.81727826,6.217310758476195
800635.6006761468,4717412.81727826,6.088614736725434
800734.6832449541,4717412.81727826,6.0636745957321985
800833.7658137614,4717412.81727826,5.400937945328674
800932.8483825688,4717412.81727826,3.7163700116766574
801031.9309513761,4717412.81727826,3.922358038119885
801131.0135201835,4717412.81727826,3.5657886811669623
801230.0960889908,4717412.81727826,3.8766715193940864
801329.1786577981,4717412.81727826,4.075284673375875
801428.2612266055,4717412.81727826,3.6039272094377255
801527.3437954128,4717412.81727826,3.2465919393355094
801626.4263642202,4717412.81727826,3.6197131557166458
801725.5089330275,4717412.81727826,3.210651344308698
801824.5915018348,4717412.81727826,2.821654953649385
801923.6740706422,4717412.81727826,2.143414441950628
802022.7566394495,4717412.81727826,1.6741106098266154
802121.8392082568,4717412.81727826,1.5936111848844574
802220.9217770642,4717412.81727826,1.511343684567536
802320.0043458715,4717412.81727826,1.430489584293222
802419.0869146789,4717412.81727826,1.3539393705307987
802518.1694834862,4717412.81727826,1.2855070057963598
802617.2520522935,4717412.81727826,1.2260855619935802
802716.3346211009,4717412.81727826,1.169627806593372
802815.4171899082,4717412.81727826,1.2436655490735573
802914.4997587156,4717412.81727826,1.5250452826737164
803013.5823275229,4717412.81727826,2.211203919694131
803112.6648963302,4717412.81727826,2.733118992558758
803211.7474651376,4717412.81727826,3.310993761692169
803310.8300339449,4717412.81727826,3.11885620261388
803409.9126027522,4717412.81727826,2.3014045436796224
803508.9951715596,4717412.81727826,1.6144234058340798
803608.0777403669,4717412.81727826,1.1533539220103166
803707.1603091743,4717412.81727826,0.9323310242701398
803806.2428779816,4717412.81727826,0.9465206648677907
803905.3254467889,4717412.81727826,1.0625286002529017
804004.4080155963,4717412.81727826,1.308557214050071
793303.4905844036,4717314.266553623,0.22560175005852087
793402.573153211,4717314.266553623,0.24188768702885846
793501.6557220183,4717314.266553623,0.253025586292364
793600.7382908256,4717314.266553623,0.25898259621729003
793699.820859633,4717314.266553623,0.2710216936732355
793798.9034284403,4717314.266553623,0.30324883611908643
793897.9859972477,4717314.266553623,0.35243095739794766
793997.068566055,4717314.266553623,0.3595778686035655
794096.1511348623,4717314.266553623,0.3656173449183755
794195.2337036697,4717314.266553623,0.4140366883733164
794294.316272477,4717314.266553623,0.5200838017319139
794393.3988412843,4717314.266553623,0.6631133766507403
794492.4814100917,4717314.266553623,0.7976868800584815
794591.563978899,4717314.266553623,1.2495468870156452
794690.6465477064,4717314.266553623,1.5075319931546727
794789.7291165137,4717314.266553623,1.3393353718260939
794888.811685321,4717314.266553623,1.046540675399878
794987.8942541284,4717314.266553623,0.8095373586447491
795086.9768229357,4717314.266553623,0.69684542029186
795186.0593917432,4717314.266553623,0.7542643091395351
795285.1419605504,4717314.266553623,1.759002825095169
795384.2245293577,4717314.266553623,1.8773331756324356
795483.3070981652,4717314.266553623,1.89252396998958
795582.3896669724,4717314.266553623,2.8770715457474876
795681.4722357797,4717314.266553623,3.161766714698135
795780.5548045872,4717314.266553623,3.5023743745271956
795879.6373733944,4717314.266553623,3.952181579541853
795978.7199422019,4717314.266553623,3.88827092974163
796077.8025110092,4717314.266553623,3.7061534892171117
796176.8850798164,4717314.266553623,3.7352952873343166
796275.9676486239,4717314.266553623,3.516279963862563
796375.0502174312,4717314.266553623,3.8367657818385443
796474.1327862386,4717314.266553623,4.18176891450895
796573.2153550459,4717314.266553623,3.994323607063442
796672.2979238532,4717314.266553623,3.667687159058974
796771.3804926606,4717314.266553623,3.4300017043827586
796870.4630614679,4717314.266553623,3.8078899226367526
796969.5456302752,4717314.266553623,4.360333994022879
797068.6281990826,4717314.266553623,4.188055414446375
797167.7107678899,4717314.266553623,2.9155243649992553
797266.7933366973,4717314.266553623,2.5125746175316737
797365.8759055046,4717314.266553623,2.321583214776474
797464.9584743119,4717314.266553623,2.3686653648635825
797564.0410431193,4717314.266553623,2.6039369548617386
797663.1236119266,4717314.266553623,2.961311483615335
797762.206180734,4717314.266553623,5.179245012800112
797861.2887495413,4717314.266553623,3.056266165986718
797960.3713183486,4717314.266553623,2.43063777701957
798059.453887156,4717314.266553623,1.9092888655357292
798158.5364559633,4717314.266553623,2.8778442246723412
798257.6190247706,4717314.266553623,3.8701109123670183
798356.701593578,4717314.266553623,5.576240003432614
798455.7841623853,4717314.266553623,6.292478544684666
798554.8667311927,4717314.266553623,6.617846372460177
798653.9493,4717314.266553623,5.527609410336882
798753.0318688073,4717314.266553623,4.373002264003095
798852.1144376147,4717314.266553623,3.8226016382757564
798951.197006422,4717314.266553623,3.0374250294992975
799050.2795752294,4717314.266553623,2.8954018155100667
799149.3621440367,4717314.266553623,2.9864534259121447
799248.444712844,4717314.266553623,3.2486868277764875
799347.5272816514,4717314.266553623,3.4308537927186986
799446.6098504587,4717314.266553623,3.933311175090685
799545.692419266,4717314.266553623,4.481861263694037
799644.7749880734,4717314.266553623,4.366280154453561
799743.8575568807,4717314.266553623,4.24604281819382
799842.9401256881,4717314.266553623,3.5787360130049657
799942.0226944954,4717314.266553623,3.438719604313028
800041.1052633027,4717314.266553623,3.9367555760172324
800140.1878321101,4717314.266553623,4.289577815156037
800239.2704009174,4717314.266553623,5.372288404693043
800338.3529697248,4717314.266553623,5.154764685251023
800437.4355385321,4717314.266553623,5.400745382977446
800536.5181073394,4717314.266553623,5.385544830485734
800635.6006761468,4717314.266553623,5.0398162174896814
800734.6832449541,4717314.266553623,4.947788531664894
800833.7658137614,4717314.266553623,4.019019898668667
800932.8483825688,4717314.266553623,3.527009930016394
801031.9309513761,4717314.266553623,3.4397641099373675
801131.0135201835,4717314.266553623,3.120955832908361
801230.0960889908,4717314.266553623,2.71043760576479
801329.1786577981,4717314.266553623,2.4297187685235073
801428.2612266055,4717314.266553623,2.1493553430159373
801527.3437954128,4717314.266553623,2.725165979903112
801626.4263642202,4717314.266553623,3.1579715281879794
801725.5089330275,4717314.266553623,3.0602784543106423
801824.5915018348,4717314.266553623,2.925529100145995
801923.6740706422,4717314.266553623,1.9477930361970823
802022.7566394495,4717314.266553623,1.5828899286714115
802121.8392082568,4717314.266553623,1.506736461265435
802220.9217770642,4717314.266553623,1.430489584293222
802320.0043458715,4717314.266553623,1.3579707662098288
802419.0869146789,4717314.266553623,1.2886133504071249
802518.1694834862,4717314.266553623,1.2249765014893073
802617.2520522935,4717314.266553623,1.1696948741327766
802716.3346211009,4717314.266553623,1.1214896502883074
802815.4171899082,4717314.266553623,1.0811316685666699
802914.4997587156,4717314.266553623,1.1569730372305584
803013.5823275229,4717314.266553623,1.3260301852004797
803112.6648963302,4717314.266553623,1.5167744474625406
803211.7474651376,4717314.266553623,1.4359735224294723
803310.8300339449,4717314.266553623,1.2356395941653655
803409.9126027522,4717314.266553623,1.0288301904372177
803508.9951715596,4717314.266553623,0.9608119105890487
803608.0777403669,4717314.266553623,0.9361897291057714
803707.1603091743,4717314.266553623,0.9278967048515636
803806.2428779816,4717314.266553623,0.9320726192612633
803905.3254467889,4717314.266553623,0.9975020775716645
804004.4080155963,4717314.266553623,1.0907472492471024
793303.4905844036,4717215.715828985,0.2286787462297256
793402.573153211,4717215.715828985,0.23920842994574218
793501.6557220183,4717215.715828985,0.2502181239413606
793600.7382908256,4717215.715828985,0.2662436031553687
793699.820859633,4717215.715828985,0.27481326341919615
793798.9034284403,4717215.715828985,0.28733386462893545
793897.9859972477,4717215.715828985,0.2987318786369984
793997.068566055,4717215.715828985,0.3132454186386718
794096.1511348623,4717215.715828985,0.40072470648802117
794195.2337036697,4717215.715828985,0.4556476481433928
794294.316272477,4717215.715828985,0.5418177510128642
794393.3988412843,4717215.715828985,0.9848366553427668
794492.4814100917,4717215.715828985,1.7867562358149494
794591.563978899,4717215.715828985,1.7724532648978808
794690.6465477064,4717215.715828985,1.879213686157865
794789.7291165137,4717215.715828985,2.1571516828865502
794888.811685321,4717215.715828985,1.8227557394427163
794987.8942541284,4717215.715828985,0.8933104502055708
795086.9768229357,4717215.715828985,0.7544024768064982
795186.0593917432,4717215.715828985,0.5995645348080701
795285.1419605504,4717215.715828985,0.9826370699237487
795384.2245293577,4717215.715828985,2.3250536236342128
795483.3070981652,4717215.715828985,1.7728149719479218
795582.3896669724,4717215.715828985,2.150302307471239
795681.4722357797,4717215.715828985,3.1679267149330843
795780.5548045872,4717215.715828985,3.71824345126748
795879.6373733944,4717215.715828985,4.101319342711786
795978.7199422019,4717215.715828985,4.011896995019943
796077.8025110092,4717215.715828985,3.8833805176595617
796176.8850798164,4717215.715828985,3.6847855475764657
796275.9676486239,4717215.715828985,3.7683654490128
796375.0502174312,4717215.715828985,3.9674863311934114
796474.1327862386,4717215.715828985,3.93896766089744
796573.2153550459,4717215.715828985,2.9540423194511103
796672.2979238532,4717215.715828985,2.4394764380450624
796771.3804926606,4717215.715828985,2.3890275018628615
796870.4630614679,4717215.715828985,3.1024487865343917
796969.5456302752,4717215.715828985,3.8465030685104677
797068.6281990826,4717215.715828985,3.0847924546784973
797167.7107678899,4717215.715828985,2.5490493063240844
797266.7933366973,4717215.715828985,3.3421875122439277
797365.8759055046,4717215.715828985,4.701633804509873
797464.9584743119,4717215.715828985,4.2089638611352695
797564.0410431193,4717215.715828985,3.7829163780360346
797663.1236119266,4717215.715828985,4.945444793541022
797762.206180734,4717215.715828985,3.699564569816632
797861.2887495413,4717215.715828985,2.374830503697858
797960.3713183486,4717215.715828985,1.77716973039925
798059.453887156,4717215.715828985,1.8350531415046458
798158.5364559633,4717215.715828985,2.5951995059116593
798257.6190247706,4717215.715828985,3.5465250401264363
798356.701593578,4717215.715828985,5.397830917859364
798455.7841623853,4717215.715828985,6.083657225279098
798554.8667311927,4717215.715828985,6.128868929662983
798653.9493,4717215.715828985,4.935107176471856
798753.0318688073,4717215.715828985,3.8707832540316534
798852.1144376147,4717215.715828985,3.464129047163834
798951.197006422,4717215.715828985,2.7952629064125945
799050.2795752294,4717215.715828985,2.8086460471536054
799149.3621440367,4717215.715828985,2.9441526376737395
799248.444712844,4717215.715828985,2.9745282148473837
799347.5272816514,4717215.715828985,2.511421428268541
799446.6098504587,4717215.715828985,2.341136261872969
799545.692419266,4717215.715828985,3.1455421349092734
799644.7749880734,4717215.715828985,3.5566607158627397
799743.8575568807,4717215.715828985,3.533023722646819
799842.9401256881,4717215.715828985,3.7209003965552347
799942.0226944954,4717215.715828985,3.619552052587077
800041.1052633027,4717215.715828985,4.018436711819325
800140.1878321101,4717215.715828985,4.4073998198603395
800239.2704009174,4717215.715828985,5.274943332945235
800338.3529697248,4717215.715828985,5.030792116277516
800437.4355385321,4717215.715828985,5.006351395962183
800536.5181073394,4717215.715828985,4.366063634501378
800635.6006761468,4717215.715828985,3.0245126671179783
800734.6832449541,4717215.715828985,2.7709323867469746
800833.7658137614,4717215.715828985,2.9262943543745865
800932.8483825688,4717215.715828985,2.9915196837184137
801031.9309513761,4717215.715828985,2.9026171440188153
801131.0135201835,4717215.715828985,2.500161906308386
801230.0960889908,4717215.715828985,2.1968189272952876
801329.1786577981,4717215.715828985,2.004807816100308
801428.2612266055,4717215.715828985,1.9175140815725003
801527.3437954128,4717215.715828985,2.3997904093882725
801626.4263642202,4717215.715828985,2.889448705999371
801725.5089330275,4717215.715828985,3.0029313087385043
801824.5915018348,4717215.715828985,2.634960845968141
801923.6740706422,4717215.715828985,1.56155673424169
802022.7566394495,4717215.715828985,1.4918481646705797
802121.8392082568,4717215.715828985,1.4218094907312893
802220.9217770642,4717215.715828985,1.3539393705307987
802320.0043458715,4717215.715828985,1.2886133504071249
802419.0869146789,4717215.715828985,1.228205184712158
802518.1694834862,4717215.715828985,1.1746462956520125
802617.2520522935,4717215.715828985,1.1270011211176418
802716.3346211009,4717215.715828985,1.0863947410428274
802815.4171899082,4717215.715828985,1.0519700622399497
802914.4997587156,4717215.715828985,1.023908051279492
803013.5823275229,4717215.715828985,1.0178015338697868
803112.6648963302,4717215.715828985,1.0338496613954113
803211.7474651376,4717215.715828985,1.0045094005553052
803310.8300339449,4717215.715828985,0.9597874560190078
803409.9126027522,4717215.715828985,0.950219360344136
803508.9951715596,4717215.715828985,0.9394127860230534
803608.0777403669,4717215.715828985,0.9313893411269375
803707.1603091743,4717215.715828985,0.9232449191898197
803806.2428779816,4717215.715828985,0.9148816129661222
803905.3254467889,4717215.715828985,0.9420528620181688
804004.4080155963,4717215.715828985,0.9855059405640052
793303.4905844036,4717117.165104347,0.2530399099556971
793402.573153211,4717117.165104347,0.2843526400618792
793501.6557220183,4717117.165104347,0.2770804564883119
793600.7382908256,4717117.165104347,0.2659238527248292
793699.820859633,4717117.165104347,0.2715171719301947
793798.9034284403,4717117.165104347,0.2838876019052136
793897.9859972477,4717117.165104347,0.2969594186273366
793997.068566055,4717117.165104347,0.3711088515791106
794096.1511348623,4717117.165104347,0.46817334441474107
794195.2337036697,4717117.165104347,0.5237354877718423
794294.316272477,4717117.165104347,0.7071517319225895
794393.3988412843,4717117.165104347,1.2618026423880355
794492.4814100917,4717117.165104347,1.6632405676458504
794591.563978899,4717117.165104347,1.052776157079043
794690.6465477064,4717117.165104347,1.199630376509482
794789.7291165137,4717117.165104347,1.2209203393475927
794888.811685321,4717117.165104347,2.3829562579412826
794987.8942541284,4717117.165104347,0.9713513879340575
795086.9768229357,4717117.165104347,0.6507502218210718
795186.0593917432,4717117.165104347,0.5268679462399407
795285.1419605504,4717117.165104347,0.6725494145445665
795384.2245293577,4717117.165104347,1.3130458706619372
795483.3070981652,4717117.165104347,2.518897190106725
795582.3896669724,4717117.165104347,1.8539622884456575
795681.4722357797,4717117.165104347,3.114664463293782
795780.5548045872,4717117.165104347,3.6987712824923236
795879.6373733944,4717117.165104347,4.000132561186079
795978.7199422019,4717117.165104347,3.9105292640546203
796077.8025110092,4717117.165104347,3.9069249722404322
796176.8850798164,4717117.165104347,3.9356939071920363
796275.9676486239,4717117.165104347,4.145583675427842
796375.0502174312,4717117.165104347,4.392936995438115
796474.1327862386,4717117.165104347,3.7349060316821383
796573.2153550459,4717117.165104347,2.3526031346880854
796672.2979238532,4717117.165104347,2.091571443722862
796771.3804926606,4717117.165104347,2.1445007842574433
796870.4630614679,4717117.165104347,2.2962009659971967
796969.5456302752,4717117.165104347,3.0343305954749558
797068.6281990826,4717117.165104347,2.638108942631494
797167.7107678899,4717117.165104347,3.256774586627169
797266.7933366973,4717117.165104347,5.184192304836968
797365.8759055046,4717117.165104347,3.402760693819803
797464.9584743119,4717117.165104347,3.349891455221593
797564.0410431193,4717117.165104347,4.4588010971474885
797663.1236119266,4717117.165104347,3.184802397450307
797762.206180734,4717117.165104347,1.957161278090659
797861.2887495413,4717117.165104347,1.1849122791551991
797960.3713183486,4717117.165104347,1.2796232547529116
798059.453887156,4717117.165104347,1.4520334456277342
798158.5364559633,4717117.165104347,1.8511815100393372
798257.6190247706,4717117.165104347,2.2080258799723
798356.701593578,4717117.165104347,2.744031862366181
798455.7841623853,4717117.165104347,2.8935950656558047
798554.8667311927,4717117.165104347,2.639797902119539
798653.9493,4717117.165104347,2.806037628028908
798753.0318688073,4717117.165104347,2.9973744606869483
798852.1144376147,4717117.165104347,2.542209382999783
798951.197006422,4717117.165104347,2.680242019516396
799050.2795752294,4717117.165104347,3.3111392898791747
799149.3621440367,4717117.165104347,3.2311140267244163
799248.444712844,4717117.165104347,2.4460669943735254
799347.5272816514,4717117.165104347,1.7288119707679954
799446.6098504587,4717117.165104347,2.0378439712646026
799545.692419266,4717117.165104347,2.7360647951902712
799644.7749880734,4717117.165104347,3.507784839214211
799743.8575568807,4717117.165104347,3.713078684035385
799842.9401256881,4717117.165104347,3.422801515527597
799942.0226944954,4717117.165104347,3.622896845090583
800041.1052633027,4717117.165104347,4.732893631905653
800140.1878321101,4717117.165104347,5.481453696634933
800239.2704009174,4717117.165104347,6.049280427564819
800338.3529697248,4717117.165104347,5.283861900138737
800437.4355385321,4717117.165104347,4.048907073054579
800536.5181073394,4717117.165104347,2.8701287985578157
800635.6006761468,4717117.165104347,2.2941093261627086
800734.6832449541,4717117.165104347,2.302579421607939
800833.7658137614,4717117.165104347,2.5677751212479105
800932.8483825688,4717117.165104347,2.728513247892171
801031.9309513761,4717117.165104347,2.5062507026825394
801131.0135201835,4717117.165104347,2.1274426450107726
801230.0960889908,4717117.165104347,2.011685107729454
801329.1786577981,4717117.165104347,1.8396963942535256
801428.2612266055,4717117.165104347,1.7721262937539037
801527.3437954128,4717117.165104347,2.234478473280229
801626.4263642202,4717117.165104347,2.5092577907282827
801725.5089330275,4717117.165104347,2.466670954625739
801824.5915018348,4717117.165104347,2.180238025357691
801923.6740706422,4717117.165104347,1.4669710130614346
802022.7566394495,4717117.165104347,1.403591213035142
802121.8392082568,4717117.165104347,1.340977050836462
802220.9217770642,4717117.165104347,1.2813454137282165
802320.0043458715,4717117.165104347,1.2249765014893073
802419.0869146789,4717117.165104347,1.1746462956520125
802518.1694834862,4717117.165104347,1.129376812102982
802617.2520522935,4717117.165104347,1.0898785064634602
802716.3346211009,4717117.165104347,1.056463359919454
802815.4171899082,4717117.165104347,1.0284772030468805
802914.4997587156,4717117.165104347,1.0058396141673187
803013.5823275229,4717117.165104347,0.9874263911214448
803112.6648963302,4717117.165104347,0.9736401427624454
803211.7474651376,4717117.165104347,0.9630429912108135
803310.8300339449,4717117.165104347,0.9531534047324097
803409.9126027522,4717117.165104347,0.9432755313902262
803508.9951715596,4717117.165104347,0.9343065827797041
803608.0777403669,4717117.165104347,0.9263814765887115
803707.1603091743,4717117.165104347,0.9183610700281281
803806.2428779816,4717117.165104347,0.9099967715258295
803905.3254467889,4717117.165104347,0.9014254029980548
804004.4080155963,4717117.165104347,0.8982178251439696
793303.4905844036,4717018.61437971,0.335175515768081
793402.573153211,4717018.61437971,0.3537391585783776
793501.6557220183,4717018.61437971,0.3674028115154047
793600.7382908256,4717018.61437971,0.2710296925303196
793699.820859633,4717018.61437971,0.2681361443307402
793798.9034284403,4717018.61437971,0.2803525333481888
793897.9859972477,4717018.61437971,0.29348329159287123
793997.068566055,4717018.61437971,0.4062483939676665
794096.1511348623,4717018.61437971,0.4501442072654745
794195.2337036697,4717018.61437971,0.48653107172243104
794294.316272477,4717018.61437971,0.7066143095651926
794393.3988412843,4717018.61437971,1.4894239500890314
794492.4814100917,4717018.61437971,1.2514346813246664
794591.563978899,4717018.61437971,1.0845865443562106
794690.6465477064,4717018.61437971,1.333200631126971
794789.7291165137,4717018.61437971,1.236951665395531
794888.811685321,4717018.61437971,2.315059990083898
794987.8942541284,4717018.61437971,0.8856495224649003
795086.9768229357,4717018.61437971,0.5295740566720023
795186.0593917432,4717018.61437971,0.5125501318755379
795285.1419605504,4717018.61437971,0.545319158879375
795384.2245293577,4717018.61437971,0.9462782817359866
795483.3070981652,4717018.61437971,2.91242548087779
795582.3896669724,4717018.61437971,1.7449677188352573
795681.4722357797,4717018.61437971,2.5424329490044313
795780.5548045872,4717018.61437971,3.404064644008232
795879.6373733944,4717018.61437971,3.895659390787646
795978.7199422019,4717018.61437971,3.8608448207990635
796077.8025110092,4717018.61437971,3.8435048604169206
796176.8850798164,4717018.61437971,4.146244467868191
796275.9676486239,4717018.61437971,4.819460600300213
796375.0502174312,4717018.61437971,4.859641511952691
796474.1327862386,4717018.61437971,3.947718190695912
796573.2153550459,4717018.61437971,2.3110431997670764
796672.2979238532,4717018.61437971,2.324029937300719
796771.3804926606,4717018.61437971,3.0216292784018277
796870.4630614679,4717018.61437971,3.9162382597051444
796969.5456302752,4717018.61437971,2.5724770371467396
797068.6281990826,4717018.61437971,2.5645349365605172
797167.7107678899,4717018.61437971,4.54713418493218
797266.7933366973,4717018.61437971,5.154852610968643
797365.8759055046,4717018.61437971,4.232248984111177
797464.9584743119,4717018.61437971,3.7167166269890464
797564.0410431193,4717018.61437971,3.454301759448392
797663.1236119266,4717018.61437971,2.5761787084814483
797762.206180734,4717018.61437971,1.9029196987713144
797861.2887495413,4717018.61437971,1.3667932580298834
797960.3713183486,4717018.61437971,1.1406899453126973
798059.453887156,4717018.61437971,1.155668582781287
798158.5364559633,4717018.61437971,1.1990022010201045
798257.6190247706,4717018.61437971,1.2770302501315558
798356.701593578,4717018.61437971,1.3581307393208062
798455.7841623853,4717018.61437971,1.5551848781859052
798554.8667311927,4717018.61437971,1.6262496284761299
798653.9493,4717018.61437971,1.7950826838647305
798753.0318688073,4717018.61437971,1.8673552076059885
798852.1144376147,4717018.61437971,2.1020355262189407
798951.197006422,4717018.61437971,2.7886421720476884
799050.2795752294,4717018.61437971,2.7846258974462677
799149.3621440367,4717018.61437971,2.572775859795946
799248.444712844,4717018.61437971,2.055989968460687
799347.5272816514,4717018.61437971,1.6477029806820085
799446.6098504587,4717018.61437971,1.8623529954065476
799545.692419266,4717018.61437971,2.4736866257644596
799644.7749880734,4717018.61437971,3.8770697903819187
799743.8575568807,4717018.61437971,4.461616193438536
799842.9401256881,4717018.61437971,4.191666535816873
799942.0226944954,4717018.61437971,4.6953454667471455
800041.1052633027,4717018.61437971,5.868347809603773
800140.1878321101,4717018.61437971,6.620290312837497
800239.2704009174,4717018.61437971,5.860866450254981
800338.3529697248,4717018.61437971,4.627474374439618
800437.4355385321,4717018.61437971,3.064820056459829
800536.5181073394,4717018.61437971,2.3904894325996024
800635.6006761468,4717018.61437971,1.9886275645023412
800734.6832449541,4717018.61437971,2.2474612791644337
800833.7658137614,4717018.61437971,2.438910685346015
800932.8483825688,4717018.61437971,2.468432929192861
801031.9309513761,4717018.61437971,2.3463950135435154
801131.0135201835,4717018.61437971,1.9803070949827613
801230.0960889908,4717018.61437971,1.8290126267749023
801329.1786577981,4717018.61437971,1.7298823416933158
801428.2612266055,4717018.61437971,1.67334020004681
801527.3437954128,4717018.61437971,2.027196202833566
801626.4263642202,4717018.61437971,2.0779593017816023
801725.5089330275,4717018.61437971,2.0089574673485253
801824.5915018348,4717018.61437971,1.862765186377257
801923.6740706422,4717018.61437971,1.3885096021556904
802022.7566394495,4717018.61437971,1.3214628106193465
802121.8392082568,4717018.61437971,1.2670858884648608
802220.9217770642,4717018.61437971,1.2162260131349896
802320.0043458715,4717018.61437971,1.1691071356395144
802419.0869146789,4717018.61437971,1.1270011211176418
802518.1694834862,4717018.61437971,1.0898785064634602
802617.2520522935,4717018.61437971,1.0577127516948122
802716.3346211009,4717018.61437971,1.030834819065638
802815.4171899082,4717018.61437971,1.008529658733896
802914.4997587156,4717018.61437971,0.9908851827467914
803013.5823275229,4717018.61437971,1.01741813092986
803112.6648963302,4717018.61437971,0.9693805845960998
803211.7474651376,4717018.61437971,0.9532091982268968
803310.8300339449,4717018.61437971,0.9445960815256746
803409.9126027522,4717018.61437971,0.9367558387328234
803508.9951715596,4717018.61437971,0.9290310598034901
803608.0777403669,4717018.61437971,0.9212397733988964
803707.1603091743,4717018.61437971,0.9131305024331041
803806.2428779816,4717018.61437971,0.9048420462300785
803905.3254467889,4717018.61437971,0.8962245200158154
804004.4080155963,4717018.61437971,0.8872239441523918
793303.4905844036,4716920.063655072,0.3623660362315934
793402.573153211,4716920.063655072,0.34098127177851373
793501.6557220183,4716920.063655072,0.3565165136762548
793600.7382908256,4716920.063655072,0.3026501929017558
793699.820859633,4716920.063655072,0.26214011906787693
793798.9034284403,4716920.063655072,0.2744535785114169
793897.9859972477,4716920.063655072,0.281242092796587
793997.068566055,4716920.063655072,0.359446823065283
794096.1511348623,4716920.063655072,0.42018165032505556
794195.2337036697,4716920.063655072,0.4424335451666403
794294.316272477,4716920.063655072,0.558286626838029
794393.3988412843,4716920.063655072,1.0831352951754754
794492.4814100917,4716920.063655072,2.1039184133524054
794591.563978899,4716920.063655072,1.2103157195466046
794690.6465477064,4716920.063655072,1.1466468338655769
794789.7291165137,4716920.063655072,1.2711507967470836
794888.811685321,4716920.063655072,2.144615579113576
794987.8942541284,4716920.063655072,1.2752971126491133
795086.9768229357,4716920.063655072,0.6989097405573311
795186.0593917432,4716920.063655072,0.5101188552690603
795285.1419605504,4716920.063655072,0.5985527760894515
795384.2245293577,4716920.063655072,1.0381871071411557
795483.3070981652,4716920.063655072,2.7798002619560003
795582.3896669724,4716920.063655072,1.6967016363748366
795681.4722357797,4716920.063655072,1.9577507012435202
795780.5548045872,4716920.063655072,2.520928708199119
795879.6373733944,4716920.063655072,3.4577568457073102
795978.7199422019,4716920.063655072,3.678732912527262
796077.8025110092,4716920.063655072,3.913198144345771
796176.8850798164,4716920.063655072,4.354296506950323
796275.9676486239,4716920.063655072,5.221069189187431
796375.0502174312,4716920.063655072,5.327258959091207
796474.1327862386,4716920.063655072,4.886798680770682
796573.2153550459,4716920.063655072,2.43101316109475
796672.2979238532,4716920.063655072,3.2027661910574516
796771.3804926606,4716920.063655072,4.8377856288640935
796870.4630614679,4716920.063655072,4.806480962718491
796969.5456302752,4716920.063655072,4.739788995096786
797068.6281990826,4716920.063655072,4.075352897405982
797167.7107678899,4716920.063655072,5.14867654466797
797266.7933366973,4716920.063655072,4.798767368598519
797365.8759055046,4716920.063655072,3.8466486554606893
797464.9584743119,4716920.063655072,3.5115020386167464
797564.0410431193,4716920.063655072,3.2114506808831513
797663.1236119266,4716920.063655072,2.777468135780174
797762.206180734,4716920.063655072,2.0324385737202526
797861.2887495413,4716920.063655072,1.3247065121192103
797960.3713183486,4716920.063655072,1.0785287553597147
798059.453887156,4716920.063655072,0.9588534929546931
798158.5364559633,4716920.063655072,0.9680983896979868
798257.6190247706,4716920.063655072,1.0256447439196583
798356.701593578,4716920.063655072,1.1372882330065253
798455.7841623853,4716920.063655072,1.2786333269105632
798554.8667311927,4716920.063655072,1.5424914006978445
798653.9493,4716920.063655072,1.5811140745635142
798753.0318688073,4716920.063655072,1.7131064155915356
798852.1144376147,4716920.063655072,2.044936596896854
798951.197006422,4716920.063655072,2.655551356708551
799050.2795752294,4716920.063655072,2.780402931683251
799149.3621440367,4716920.063655072,2.4942332122444775
799248.444712844,4716920.063655072,2.31984412551142
799347.5272816514,4716920.063655072,1.824734083520921
799446.6098504587,4716920.063655072,2.0925768031702727
799545.692419266,4716920.063655072,2.7307328478499935
799644.7749880734,4716920.063655072,4.078889730440079
799743.8575568807,4716920.063655072,4.305988140616755
799842.9401256881,4716920.063655072,4.359794965361698
799942.0226944954,4716920.063655072,5.407076157424439
800041.1052633027,4716920.063655072,6.25506534075249
800140.1878321101,4716920.063655072,7.571335857175546
800239.2704009174,4716920.063655072,6.882476347240323
800338.3529697248,4716920.063655072,3.845901121052254
800437.4355385321,4716920.063655072,2.5704671620934447
800536.5181073394,4716920.063655072,1.888142389198452
800635.6006761468,4716920.063655072,1.9311007845912316
800734.6832449541,4716920.063655072,2.0953869392028137
800833.7658137614,4716920.063655072,2.163898864788817
800932.8483825688,4716920.063655072,2.201394682340649
801031.9309513761,4716920.063655072,2.0229933723149327
801131.0135201835,4716920.063655072,1.7840134786386928
801230.0960889908,4716920.063655072,1.7075306184178263
801329.1786577981,4716920.063655072,1.6253754702557586
801428.2612266055,4716920.063655072,1.5718747978619712
801527.3437954128,4716920.063655072,1.6233486346526729
801626.4263642202,4716920.063655072,1.8367533397240934
801725.5089330275,4716920.063655072,1.7692333976521537
801824.5915018348,4716920.063655072,1.5701928576122026
801923.6740706422,4716920.063655072,1.297757225893364
802022.7566394495,4716920.063655072,1.246402287189532
802121.8392082568,4716920.063655072,1.2008041078684897
802220.9217770642,4716920.063655072,1.158981433378388
802320.0043458715,4716920.063655072,1.1205808922915854
802419.0869146789,4716920.063655072,1.0863947410428274
802518.1694834862,4716920.063655072,1.056463359919454
802617.2520522935,4716920.063655072,1.030834819065638
802716.3346211009,4716920.063655072,1.0093526836980549
802815.4171899082,4716920.063655072,1.0000359755720791
802914.4997587156,4716920.063655072,1.1205916278466064
803013.5823275229,4716920.063655072,1.1068876760292539
803112.6648963302,4716920.063655072,1.0731134116084384
803211.7474651376,4716920.063655072,0.9522669467826577
803310.8300339449,4716920.063655072,0.9387453391129864
803409.9126027522,4716920.063655072,0.9312009010775196
803508.9951715596,4716920.063655072,0.9236260022430542
803608.0777403669,4716920.063655072,0.9157542310062887
803707.1603091743,4716920.063655072,0.9077268155161508
803806.2428779816,4716920.063655072,0.8993971070792188
803905.3254467889,4716920.063655072,0.8907139956383068
804004.4080155963,4716920.063655072,0.881625702244445
793303.4905844036,4716821.512930434,0.35738034375547106
793402.573153211,4716821.512930434,0.33642284421885416
793501.6557220183,4716821.512930434,0.3420573549775995
793600.7382908256,4716821.512930434,0.27612614131814606
793699.820859633,4716821.512930434,0.2538265362876989
793798.9034284403,4716821.512930434,0.2652678361574269
793897.9859972477,4716821.512930434,0.27722485571754574
793997.068566055,4716821.512930434,0.29016452461097386
794096.1511348623,4716821.512930434,0.34993611630608235
794195.2337036697,4716821.512930434,0.37417593735891863
794294.316272477,4716821.512930434,0.36880184606605504
794393.3988412843,4716821.512930434,0.7077091460070787
794492.4814100917,4716821.512930434,1.0818512136675211
794591.563978899,4716821.512930434,2.0801812442431302
794690.6465477064,4716821.512930434,1.2192412230507594
794789.7291165137,4716821.512930434,1.1988083980674167
794888.811685321,4716821.512930434,1.339350931591376
794987.8942541284,4716821.512930434,2.1301358380100313
795086.9768229357,4716821.512930434,1.5543173305819176
795186.0593917432,4716821.512930434,0.7634606587033552
795285.1419605504,4716821.512930434,0.6543491801648245
795384.2245293577,4716821.512930434,1.0372823125802784
795483.3070981652,4716821.512930434,2.7032892656733454
795582.3896669724,4716821.512930434,2.0687798860475337
795681.4722357797,4716821.512930434,1.6597985597265243
795780.5548045872,4716821.512930434,1.9039807014045813
795879.6373733944,4716821.512930434,2.5696793584994704
795978.7199422019,4716821.512930434,3.1523834833408713
796077.8025110092,4716821.512930434,3.2546960832655465
796176.8850798164,4716821.512930434,3.8962700168028785
796275.9676486239,4716821.512930434,4.249547843697427
796375.0502174312,4716821.512930434,3.5587951430582465
796474.1327862386,4716821.512930434,2.8952823715775957
796573.2153550459,4716821.512930434,2.068703569964046
796672.2979238532,4716821.512930434,3.761777630390812
796771.3804926606,4716821.512930434,3.8459061766500544
796870.4630614679,4716821.512930434,3.474856924217404
796969.5456302752,4716821.512930434,3.5851988838641917
797068.6281990826,4716821.512930434,3.4696107915951675
797167.7107678899,4716821.512930434,4.838367066054396
797266.7933366973,4716821.512930434,4.705483890464779
797365.8759055046,4716821.512930434,3.8096322266636333
797464.9584743119,4716821.512930434,3.3449065693530606
797564.0410431193,4716821.512930434,2.845539012817749
797663.1236119266,4716821.512930434,2.537030907356535
797762.206180734,4716821.512930434,1.8684648499546115
797861.2887495413,4716821.512930434,1.2041068454068065
797960.3713183486,4716821.512930434,1.0689455242900878
798059.453887156,4716821.512930434,0.9422146229167532
798158.5364559633,4716821.512930434,0.9500496840883952
798257.6190247706,4716821.512930434,0.9966453816053347
798356.701593578,4716821.512930434,1.1262242456676694
798455.7841623853,4716821.512930434,1.2633391747230562
798554.8667311927,4716821.512930434,1.341696266334053
798653.9493,4716821.512930434,1.480143443897221
798753.0318688073,4716821.512930434,1.7188384153442138
798852.1144376147,4716821.512930434,1.9655930391052392
798951.197006422,4716821.512930434,2.3242521759444696
799050.2795752294,4716821.512930434,2.934415831307574
799149.3621440367,4716821.512930434,2.9918445319508598
799248.444712844,4716821.512930434,2.382164284322029
799347.5272816514,4716821.512930434,2.1259071049746754
799446.6098504587,4716821.512930434,2.1933614162904385
799545.692419266,4716821.512930434,2.8485129744446427
799644.7749880734,4716821.512930434,3.7285592007394563
799743.8575568807,4716821.512930434,4.115649525340314
799842.9401256881,4716821.512930434,4.291638133577154
799942.0226944954,4716821.512930434,5.073017595103131
800041.1052633027,4716821.512930434,5.110061579861154
800140.1878321101,4716821.512930434,5.6153587397917635
800239.2704009174,4716821.512930434,5.769295744649899
800338.3529697248,4716821.512930434,3.5521984747175113
800437.4355385321,4716821.512930434,2.3070433162998647
800536.5181073394,4716821.512930434,2.018144232247142
800635.6006761468,4716821.512930434,1.965337535983242
800734.6832449541,4716821.512930434,1.9656347054506
800833.7658137614,4716821.512930434,1.9553802413341619
800932.8483825688,4716821.512930434,1.9247950976125399
801031.9309513761,4716821.512930434,1.695959499294783
801131.0135201835,4716821.512930434,1.6347520885453959
801230.0960889908,4716821.512930434,1.6058849431891025
801329.1786577981,4716821.512930434,1.5430435300155552
801428.2612266055,4716821.512930434,1.474361260612985
801527.3437954128,4716821.512930434,1.4055026596342592
801626.4263642202,4716821.512930434,1.4180587389146502
801725.5089330275,4716821.512930434,1.411658244806371
801824.5915018348,4716821.512930434,1.2977578707266941
801923.6740706422,4716821.512930434,1.2209755915667067
802022.7566394495,4716821.512930434,1.181708322648368
802121.8392082568,4716821.512930434,1.144099508336717
802220.9217770642,4716821.512930434,1.110426826347855
802320.0043458715,4716821.512930434,1.0796089997435263
802419.0869146789,4716821.512930434,1.0519700622399497
802518.1694834862,4716821.512930434,1.0284772030468805
802617.2520522935,4716821.512930434,1.0096934374582864
802716.3346211009,4716821.512930434,1.2349930988452518
802815.4171899082,4716821.512930434,1.412541139145742
802914.4997587156,4716821.512930434,1.3232319418086893
803013.5823275229,4716821.512930434,1.1419430194162883
803112.6648963302,4716821.512930434,1.087008092556747
803211.7474651376,4716821.512930434,0.9696973383677056
803310.8300339449,4716821.512930434,0.9328015620758767
803409.9126027522,4716821.512930434,0.9254327139032058
803508.9951715596,4716821.512930434,0.9178795206667613
803608.0777403669,4716821.512930434,0.9100951214811135
803707.1603091743,4716821.512930434,0.902031165027446
803806.2428779816,4716821.512930434,0.8936392670837732
803905.3254467889,4716821.512930434,0.8848706095324076
804004.4080155963,4716821.512930434,0.8757867749222445
793303.4905844036,4716722.9622057965,0.2551235332135045
793402.573153211,4716722.9622057965,0.28066556924661284
793501.6557220183,4716722.9622057965,0.2703390464065495
793600.7382908256,4716722.9622057965,0.23940945457646856
793699.820859633,4716722.9622057965,0.2502009005833269
793798.9034284403,4716722.9622057965,0.2614787739417015
793897.9859972477,4716722.9622057965,0.2732650004962146
793997.068566055,4716722.9622057965,0.285449988085861
794096.1511348623,4716722.9622057965,0.2983167236103098
794195.2337036697,4716722.9622057965,0.3116187768127875
794294.316272477,4716722.9622057965,0.33056478525955774
794393.3988412843,4716722.9622057965,0.4832614390442318
794492.4814100917,4716722.9622057965,0.7540424684650393
794591.563978899,4716722.9622057965,1.4507309370690553
794690.6465477064,4716722.9622057965,1.474620423799074
794789.7291165137,4716722.9622057965,1.2252192201104868
794888.811685321,4716722.9622057965,1.5190236594938717
794987.8942541284,4716722.9622057965,1.3173110362464047
795086.9768229357,4716722.9622057965,2.1465427443603864
795186.0593917432,4716722.9622057965,1.284369847872904
795285.1419605504,4716722.9622057965,0.7770066540539173
795384.2245293577,4716722.9622057965,1.4394450460398172
795483.3070981652,4716722.9622057965,2.52924991431635
795582.3896669724,4716722.9622057965,3.1264880382085183
795681.4722357797,4716722.9622057965,2.8812519481561805
795780.5548045872,4716722.9622057965,2.129350387949208
795879.6373733944,4716722.9622057965,1.8302429312636395
795978.7199422019,4716722.9622057965,2.013234736390313
796077.8025110092,4716722.9622057965,2.1911807126988614
796176.8850798164,4716722.9622057965,2.1554335258847463
796275.9676486239,4716722.9622057965,2.3026727522028723
796375.0502174312,4716722.9622057965,2.203361041767679
796474.1327862386,4716722.9622057965,2.1720987347944822
796573.2153550459,4716722.9622057965,2.0851814092938454
796672.2979238532,4716722.9622057965,4.045596996359774
796771.3804926606,4716722.9622057965,2.87554455566339
796870.4630614679,4716722.9622057965,2.378245907329879
796969.5456302752,4716722.9622057965,2.34685564554362
797068.6281990826,4716722.9622057965,2.250904669050313
797167.7107678899,4716722.9622057965,2.3242483373578473
797266.7933366973,4716722.9622057965,2.2337109526298295
797365.8759055046,4716722.9622057965,2.024978763751486
797464.9584743119,4716722.9622057965,2.193898050147948
797564.0410431193,4716722.9622057965,1.9356774111660355
797663.1236119266,4716722.9622057965,1.5172130419812155
797762.206180734,4716722.9622057965,1.2650635036958895
797861.2887495413,4716722.9622057965,1.1059573519531665
797960.3713183486,4716722.9622057965,0.9721722641444454
798059.453887156,4716722.9622057965,0.9360011790001932
798158.5364559633,4716722.9622057965,0.943001012201308
798257.6190247706,4716722.9622057965,0.9744952338605588
798356.701593578,4716722.9622057965,1.0433869785596843
798455.7841623853,4716722.9622057965,1.1875365189946117
798554.8667311927,4716722.9622057965,1.3155944223925797
798653.9493,4716722.9622057965,1.384581467973866
798753.0318688073,4716722.9622057965,1.6011766320165712
798852.1144376147,4716722.9622057965,1.9072507295387255
798951.197006422,4716722.9622057965,2.124318868265607
799050.2795752294,4716722.9622057965,2.204566028852397
799149.3621440367,4716722.9622057965,2.248402746814517
799248.444712844,4716722.9622057965,2.2398221704464474
799347.5272816514,4716722.9622057965,2.3223196212300796
799446.6098504587,4716722.9622057965,2.282998048220694
799545.692419266,4716722.9622057965,2.521837809963258
799644.7749880734,4716722.9622057965,3.2120569918271644
799743.8575568807,4716722.9622057965,3.6112405033854245
799842.9401256881,4716722.9622057965,3.542863861442162
799942.0226944954,4716722.9622057965,3.4367330480674267
800041.1052633027,4716722.9622057965,4.469910530369951
800140.1878321101,4716722.9622057965,4.705563651520864
800239.2704009174,4716722.9622057965,4.6520601420697645
800338.3529697248,4716722.9622057965,3.6723130039931013
800437.4355385321,4716722.9622057965,2.5584995472604537
800536.5181073394,4716722.9622057965,2.0232953985649442
800635.6006761468,4716722.9622057965,1.8390363538135115
800734.6832449541,4716722.9622057965,1.7789918606196498
800833.7658137614,4716722.9622057965,1.6826263777683146
800932.8483825688,4716722.9622057965,1.5403965968486815
801031.9309513761,4716722.9622057965,1.506124508910437
801131.0135201835,4716722.9622057965,1.5051950768448878
801230.0960889908,4716722.9622057965,1.4662514424598485
801329.1786577981,4716722.9622057965,1.4209416112143087
801428.2612266055,4716722.9622057965,1.3628545304266924
801527.3437954128,4716722.9622057965,1.3020163346436788
801626.4263642202,4716722.9622057965,1.2609648402812863
801725.5089330275,4716722.9622057965,1.2257813474977246
801824.5915018348,4716722.9622057965,1.1918572093795765
801923.6740706422,4716722.9622057965,1.1583183088188425
802022.7566394495,4716722.9622057965,1.1264106364278257
802121.8392082568,4716722.9622057965,1.096511501264887
802220.9217770642,4716722.9622057965,1.0694265912645746
802320.0043458715,4716722.9622057965,1.0452940870237715
802419.0869146789,4716722.9622057965,1.023908051279492
802518.1694834862,4716722.9622057965,1.0058396141673187
802617.2520522935,4716722.9622057965,1.160476259132901
802716.3346211009,4716722.9622057965,1.4697859906926012
802815.4171899082,4716722.9622057965,1.506143268276761
802914.4997587156,4716722.9622057965,1.5142846651186488
803013.5823275229,4716722.9622057965,1.2274144985756872
803112.6648963302,4716722.9622057965,1.0792834614775948
803211.7474651376,4716722.9622057965,0.93393033621231
803310.8300339449,4716722.9622057965,0.9267605958984537
803409.9126027522,4716722.9622057965,0.9194186554493925
803508.9951715596,4716722.9622057965,0.9119585492735804
803608.0777403669,4716722.9622057965,0.9041417486774075
803707.1603091743,4716722.9622057965,0.8960185956086518
803806.2428779816,4716722.9622057965,0.8875431772633797
803905.3254467889,4716722.9622057965,0.8787787827615742
804004.4080155963,4716722.9622057965,0.869445470831652
793303.4905844036,4716624.411481159,0.20717830200313428
793402.573153211,4716624.411481159,0.21607175513953727
793501.6557220183,4716624.411481159,0.22581124802347405
793600.7382908256,4716624.411481159,0.23588025521346975
793699.820859633,4716624.411481159,0.246512621603188
793798.9034284403,4716624.411481159,0.25750471070889547
793897.9859972477,4716624.411481159,0.2691118052868535
793997.068566055,4716624.411481159,0.28111160036377436
794096.1511348623,4716624.411481159,0.29364647074790495
794195.2337036697,4716624.411481159,0.3399556437195513
794294.316272477,4716624.411481159,0.4802822231181506
794393.3988412843,4716624.411481159,0.5688338110626778
794492.4814100917,4716624.411481159,0.8687940094648606
794591.563978899,4716624.411481159,1.7699497208833779
794690.6465477064,4716624.411481159,1.3325389170646165
794789.7291165137,4716624.411481159,1.2721055931846923
794888.811685321,4716624.411481159,2.0197259840781943
794987.8942541284,4716624.411481159,1.9457809764396135
795086.9768229357,4716624.411481159,1.3160796697101904
795186.0593917432,4716624.411481159,2.2716133248841275
795285.1419605504,4716624.411481159,1.3904018876671724
795384.2245293577,4716624.411481159,1.7179828205071597
795483.3070981652,4716624.411481159,2.849531315730453
795582.3896669724,4716624.411481159,2.720974475103962
795681.4722357797,4716624.411481159,2.6918500786210955
795780.5548045872,4716624.411481159,2.6795380419550887
795879.6373733944,4716624.411481159,2.1101580029861133
795978.7199422019,4716624.411481159,2.3333934607742823
796077.8025110092,4716624.411481159,2.2919258115558523
796176.8850798164,4716624.411481159,3.44013343610462
796275.9676486239,4716624.411481159,3.0837616853229397
796375.0502174312,4716624.411481159,3.0493517902046734
796474.1327862386,4716624.411481159,3.942195385288503
796573.2153550459,4716624.411481159,4.564489498711601
796672.2979238532,4716624.411481159,3.425297479256994
796771.3804926606,4716624.411481159,2.267324343115219
796870.4630614679,4716624.411481159,1.5136540795312226
796969.5456302752,4716624.411481159,1.5762032104106856
797068.6281990826,4716624.411481159,1.6310238047512349
797167.7107678899,4716624.411481159,1.5130747198419294
797266.7933366973,4716624.411481159,1.472697450054624
797365.8759055046,4716624.411481159,1.3198950590080212
797464.9584743119,4716624.411481159,1.3461104788031135
797564.0410431193,4716624.411481159,1.1581268023718918
797663.1236119266,4716624.411481159,1.049958453526525
797762.206180734,4716624.411481159,0.9831358515481886
797861.2887495413,4716624.411481159,0.9685211378836596
797960.3713183486,4716624.411481159,0.9271731124367546
798059.453887156,4716624.411481159,0.9295976277061233
798158.5364559633,4716624.411481159,0.9363783520279958
798257.6190247706,4716624.411481159,0.9501261694882281
798356.701593578,4716624.411481159,0.9846008832799991
798455.7841623853,4716624.411481159,1.0318331649969692
798554.8667311927,4716624.411481159,1.1235984080484576
798653.9493,4716624.411481159,1.2433173640868247
798753.0318688073,4716624.411481159,1.407527011383146
798852.1144376147,4716624.411481159,1.7226386605191824
798951.197006422,4716624.411481159,1.9795775122834296
799050.2795752294,4716624.411481159,2.120116957208269
799149.3621440367,4716624.411481159,2.174481428430368
799248.444712844,4716624.411481159,2.2187018524359914
799347.5272816514,4716624.411481159,2.626499712107512
799446.6098504587,4716624.411481159,2.797700415223596
799545.692419266,4716624.411481159,2.6795121864919174
799644.7749880734,4716624.411481159,2.3943735157756563
799743.8575568807,4716624.411481159,2.2326829663518315
799842.9401256881,4716624.411481159,2.2559220440353545
799942.0226944954,4716624.411481159,2.3326677443498554
800041.1052633027,4716624.411481159,2.824979494818978
800140.1878321101,4716624.411481159,3.8592526045986304
800239.2704009174,4716624.411481159,3.686003795603464
800338.3529697248,4716624.411481159,3.364762416089435
800437.4355385321,4716624.411481159,2.865485031137022
800536.5181073394,4716624.411481159,1.8770396349413108
800635.6006761468,4716624.411481159,1.7330433751035987
800734.6832449541,4716624.411481159,1.5852198234280221
800833.7658137614,4716624.411481159,1.3937937088208248
800932.8483825688,4716624.411481159,1.3669081152726892
801031.9309513761,4716624.411481159,1.3448252683579882
801131.0135201835,4716624.411481159,1.3640692343768759
801230.0960889908,4716624.411481159,1.3515726342784624
801329.1786577981,4716624.411481159,1.322319330818245
801428.2612266055,4716624.411481159,1.2781487334907744
801527.3437954128,4716624.411481159,1.2154399022527822
801626.4263642202,4716624.411481159,1.1874698992489328
801725.5089330275,4716624.411481159,1.1596460377198299
801824.5915018348,4716624.411481159,1.1323775160231984
801923.6740706422,4716624.411481159,1.1055106878595962
802022.7566394495,4716624.411481159,1.0805636714318692
802121.8392082568,4716624.411481159,1.0572951417004075
802220.9217770642,4716624.411481159,1.0364128784113058
802320.0043458715,4716624.411481159,1.0177058614008885
802419.0869146789,4716624.411481159,1.0014493684383652
802518.1694834862,4716624.411481159,0.9874263911214448
802617.2520522935,4716624.411481159,1.2794702637494058
802716.3346211009,4716624.411481159,1.4517342820220371
802815.4171899082,4716624.411481159,1.4383577581131402
802914.4997587156,4716624.411481159,1.4793363861995223
803013.5823275229,4716624.411481159,1.192550466261116
803112.6648963302,4716624.411481159,0.9624300641181243
803211.7474651376,4716624.411481159,0.9276128480592605
803310.8300339449,4716624.411481159,0.9204738269642779
803409.9126027522,4716624.411481159,0.913227997975687
803508.9951715596,4716624.411481159,0.9057401218330031
803608.0777403669,4716624.411481159,0.8978664466873238
803707.1603091743,4716624.411481159,0.8897668056640741
803806.2428779816,4716624.411481159,0.8811898421711478
803905.3254467889,4716624.411481159,0.8723012514176324
804004.4080155963,4716624.411481159,0.8628784573355902
793303.4905844036,4716525.860756521,0.20370454553884038
793402.573153211,4716525.860756521,0.21288658310047842
793501.6557220183,4716525.860756521,0.22237927469425803
793600.7382908256,4716525.860756521,0.23240308073045113
793699.820859633,4716525.860756521,0.24276602018247403
793798.9034284403,4716525.860756521,0.25359104694309076
793897.9859972477,4716525.860756521,0.26489876565656745
793997.068566055,4716525.860756521,0.2765823098066121
794096.1511348623,4716525.860756521,0.2889152174471542
794195.2337036697,4716525.860756521,0.4467709212060261
794294.316272477,4716525.860756521,0.5962513174349704
794393.3988412843,4716525.860756521,0.8989761849189586
794492.4814100917,4716525.860756521,1.509409974518573
794591.563978899,4716525.860756521,1.415623012091908
794690.6465477064,4716525.860756521,1.1261436183270148
794789.7291165137,4716525.860756521,1.1352771593447424
794888.811685321,4716525.860756521,1.344994473481812
794987.8942541284,4716525.860756521,1.4363716045540165
795086.9768229357,4716525.860756521,1.3288633410608797
795186.0593917432,4716525.860756521,2.232914590941183
795285.1419605504,4716525.860756521,1.470284135459533
795384.2245293577,4716525.860756521,1.2893888144919974
795483.3070981652,4716525.860756521,1.4938508887161273
795582.3896669724,4716525.860756521,1.779332739961002
795681.4722357797,4716525.860756521,1.5564154549477418
795780.5548045872,4716525.860756521,2.298685555810273
795879.6373733944,4716525.860756521,2.777535814531753
795978.7199422019,4716525.860756521,2.204148968622936
796077.8025110092,4716525.860756521,2.873532933406293
796176.8850798164,4716525.860756521,1.9282870313668896
796275.9676486239,4716525.860756521,2.115738843227601
796375.0502174312,4716525.860756521,2.2602263851890907
796474.1327862386,4716525.860756521,2.3350064009751574
796573.2153550459,4716525.860756521,2.7209777684251626
796672.2979238532,4716525.860756521,2.581791023811747
796771.3804926606,4716525.860756521,1.8238489347896185
796870.4630614679,4716525.860756521,1.2067207383398737
796969.5456302752,4716525.860756521,0.9323732368332159
797068.6281990826,4716525.860756521,0.9561588463705231
797167.7107678899,4716525.860756521,1.0876737160921552
797266.7933366973,4716525.860756521,1.3508154024410106
797365.8759055046,4716525.860756521,1.4819878042993098
797464.9584743119,4716525.860756521,1.1950040103553032
797564.0410431193,4716525.860756521,0.9446553469526955
797663.1236119266,4716525.860756521,0.9240236045110656
797762.206180734,4716525.860756521,0.912885972206246
797861.2887495413,4716525.860756521,0.9169182523138143
797960.3713183486,4716525.860756521,0.9242103186128103
798059.453887156,4716525.860756521,0.9230542790291769
798158.5364559633,4716525.860756521,0.9297863981413074
798257.6190247706,4716525.860756521,0.9363783520279958
798356.701593578,4716525.860756521,0.9563691798013265
798455.7841623853,4716525.860756521,0.964803080677443
798554.8667311927,4716525.860756521,1.0829354737378363
798653.9493,4716525.860756521,1.252607959890383
798753.0318688073,4716525.860756521,1.2978112154065145
798852.1144376147,4716525.860756521,1.5078887830739356
798951.197006422,4716525.860756521,1.720021027248064
799050.2795752294,4716525.860756521,1.9760323073018267
799149.3621440367,4716525.860756521,2.108704264851376
799248.444712844,4716525.860756521,2.2255845942361776
799347.5272816514,4716525.860756521,2.647143932934778
799446.6098504587,4716525.860756521,2.5063026328734717
799545.692419266,4716525.860756521,2.3254734148225817
799644.7749880734,4716525.860756521,2.0750761807413336
799743.8575568807,4716525.860756521,1.7949652281583568
799842.9401256881,4716525.860756521,1.7070843269090843
799942.0226944954,4716525.860756521,1.6844843755535497
800041.1052633027,4716525.860756521,1.920950828867365
800140.1878321101,4716525.860756521,2.9367867565038708
800239.2704009174,4716525.860756521,3.258493649826158
800338.3529697248,4716525.860756521,3.1843692121430114
800437.4355385321,4716525.860756521,2.6049239730320095
800536.5181073394,4716525.860756521,1.6195863492063032
800635.6006761468,4716525.860756521,1.4313733674945037
800734.6832449541,4716525.860756521,1.3269349354641535
800833.7658137614,4716525.860756521,1.3134739869283516
800932.8483825688,4716525.860756521,1.2745389573637755
801031.9309513761,4716525.860756521,1.2520597582353852
801131.0135201835,4716525.860756521,1.2538987480673665
801230.0960889908,4716525.860756521,1.2341224267084878
801329.1786577981,4716525.860756521,1.2248052127790572
801428.2612266055,4716525.860756521,1.1784611627685442
801527.3437954128,4716525.860756521,1.149188705970595
801626.4263642202,4716525.860756521,1.1270011211176418
801725.5089330275,4716525.860756521,1.104970986988609
801824.5915018348,4716525.860756521,1.0834570512096926
801923.6740706422,4716525.860756521,1.062813991230633
802022.7566394495,4716525.860756521,1.0433917831344983
802121.8392082568,4716525.860756521,1.0258427413893072
802220.9217770642,4716525.860756521,1.009905534485245
802320.0043458715,4716525.860756521,0.9970218005657208
802419.0869146789,4716525.860756521,0.9877775913878785
802518.1694834862,4716525.860756521,1.007641703620975
802617.2520522935,4716525.860756521,1.3282861181084802
802716.3346211009,4716525.860756521,1.5395855471612194
802815.4171899082,4716525.860756521,1.5050798139073387
802914.4997587156,4716525.860756521,1.3504816515277414
803013.5823275229,4716525.860756521,0.9347123713218792
803112.6648963302,4716525.860756521,0.9278020982205057
803211.7474651376,4716525.860756521,0.9210483984215
803310.8300339449,4716525.860756521,0.9140070570459319
803409.9126027522,4716525.860756521,0.9067350016175942
803508.9951715596,4716525.860756521,0.8991934933858272
803608.0777403669,4716525.860756521,0.8913435614014912
803707.1603091743,4716525.860756521,0.8831452285250118
803806.2428779816,4716525.860756521,0.8744443532363615
803905.3254467889,4716525.860756521,0.8653707542457634
804004.4080155963,4716525.860756521,0.8556604329388285
793303.4905844036,4716427.310031883,0.2006085590747041
793402.573153211,4716427.310031883,0.2096510442079523
793501.6557220183,4716427.310031883,0.21899946192407008
793600.7382908256,4716427.310031883,0.22865858538538483
793699.820859633,4716427.310031883,0.23885455640300263
793798.9034284403,4716427.310031883,0.2495051695448892
793897.9859972477,4716427.310031883,0.2605097684407004
793997.068566055,4716427.310031883,0.2719997328184131
794096.1511348623,4716427.310031883,0.283996470059941
794195.2337036697,4716427.310031883,0.495066547963123
794294.316272477,4716427.310031883,0.7565692130759639
794393.3988412843,4716427.310031883,1.223094594882532
794492.4814100917,4716427.310031883,0.9011602943365996
794591.563978899,4716427.310031883,1.3632528479802604
794690.6465477064,4716427.310031883,1.4137208363794695
794789.7291165137,4716427.310031883,1.424535709601537
794888.811685321,4716427.310031883,1.7851113437740684
794987.8942541284,4716427.310031883,1.632620886855781
795086.9768229357,4716427.310031883,2.220688188747538
795186.0593917432,4716427.310031883,1.2737581815052035
795285.1419605504,4716427.310031883,1.0615657528016458
795384.2245293577,4716427.310031883,1.1792340696983805
795483.3070981652,4716427.310031883,1.247984951650085
795582.3896669724,4716427.310031883,1.1690556364168134
795681.4722357797,4716427.310031883,1.1020761218303372
795780.5548045872,4716427.310031883,1.373743577857849
795879.6373733944,4716427.310031883,1.744611031773652
795978.7199422019,4716427.310031883,1.3815949258036664
796077.8025110092,4716427.310031883,1.3131363277231718
796176.8850798164,4716427.310031883,1.2294025704435645
796275.9676486239,4716427.310031883,1.2009965578589181
796375.0502174312,4716427.310031883,1.1504387986319273
796474.1327862386,4716427.310031883,1.3793064001405666
796573.2153550459,4716427.310031883,1.7418457564456533
796672.2979238532,4716427.310031883,1.4502317213905933
796771.3804926606,4716427.310031883,1.134805451237382
796870.4630614679,4716427.310031883,0.964842333479429
796969.5456302752,4716427.310031883,0.8290468057686473
797068.6281990826,4716427.310031883,0.87616830987749
797167.7107678899,4716427.310031883,1.1666117095441788
797266.7933366973,4716427.310031883,1.6882967469506212
797365.8759055046,4716427.310031883,1.7651345993316387
797464.9584743119,4716427.310031883,1.391185065888832
797564.0410431193,4716427.310031883,0.9149127007809
797663.1236119266,4716427.310031883,0.8996048486133389
797762.206180734,4716427.310031883,0.9053451228088613
797861.2887495413,4716427.310031883,0.9100774813335288
797960.3713183486,4716427.310031883,0.9174156218354962
798059.453887156,4716427.310031883,0.9163349299199782
798158.5364559633,4716427.310031883,0.9229589339854675
798257.6190247706,4716427.310031883,0.9294088149830667
798356.701593578,4716427.310031883,0.935718478130861
798455.7841623853,4716427.310031883,0.9475932887812435
798554.8667311927,4716427.310031883,1.0767601032135814
798653.9493,4716427.310031883,1.140434271374621
798753.0318688073,4716427.310031883,1.1722754680087228
798852.1144376147,4716427.310031883,1.3030769257964758
798951.197006422,4716427.310031883,1.6340033752598415
799050.2795752294,4716427.310031883,1.9191658007880736
799149.3621440367,4716427.310031883,2.0574142423999118
799248.444712844,4716427.310031883,2.13570555307489
799347.5272816514,4716427.310031883,2.486436455387622
799446.6098504587,4716427.310031883,2.251581185101734
799545.692419266,4716427.310031883,1.820396201667116
799644.7749880734,4716427.310031883,1.4876823452166206
799743.8575568807,4716427.310031883,1.2339599289557968
799842.9401256881,4716427.310031883,1.197894398103802
799942.0226944954,4716427.310031883,1.2416293882733842
800041.1052633027,4716427.310031883,1.5318358208839928
800140.1878321101,4716427.310031883,2.074476129551969
800239.2704009174,4716427.310031883,2.650186944154968
800338.3529697248,4716427.310031883,2.4480139026821384
800437.4355385321,4716427.310031883,1.816054573121079
800536.5181073394,4716427.310031883,1.269693203060882
800635.6006761468,4716427.310031883,1.254021120816333
800734.6832449541,4716427.310031883,1.2410800051645208
800833.7658137614,4716427.310031883,1.2244900011172342
800932.8483825688,4716427.310031883,1.195864028236884
801031.9309513761,4716427.310031883,1.1734120424212409
801131.0135201835,4716427.310031883,1.1639743886905727
801230.0960889908,4716427.310031883,1.1547242134077187
801329.1786577981,4716427.310031883,1.134634965383541
801428.2612266055,4716427.310031883,1.1115337611573821
801527.3437954128,4716427.310031883,1.0944478323610665
801626.4263642202,4716427.310031883,1.0777142645080542
801725.5089330275,4716427.310031883,1.0606682370705833
801824.5915018348,4716427.310031883,1.0441493901824803
801923.6740706422,4716427.310031883,1.0288109824210188
802022.7566394495,4716427.310031883,1.0144508935638326
802121.8392082568,4716427.310031883,1.0086660942750572
802220.9217770642,4716427.310031883,0.9992593860840838
802320.0043458715,4716427.310031883,1.0163830268234488
802419.0869146789,4716427.310031883,1.0354010666640736
802518.1694834862,4716427.310031883,1.2344004110487916
802617.2520522935,4716427.310031883,1.2644834473566549
802716.3346211009,4716427.310031883,1.2938370739634408
802815.4171899082,4716427.310031883,1.3098803306204183
802914.4997587156,4716427.310031883,1.0215216588094007
803013.5823275229,4716427.310031883,0.9276128480592605
803112.6648963302,4716427.310031883,0.9210483984215
803211.7474651376,4716427.310031883,0.9142987947654518
803310.8300339449,4716427.310031883,0.9073304530095011
803409.9126027522,4716427.310031883,0.900007084607894
803508.9951715596,4716427.310031883,0.8923895161947876
803608.0777403669,4716427.310031883,0.8844403726687605
803707.1603091743,4716427.310031883,0.8761211117866555
803806.2428779816,4716427.310031883,0.8673617010571597
803905.3254467889,4716427.310031883,0.8580217645467703
804004.4080155963,4716427.310031883,0.8479484028201144
793303.4905844036,4716328.759307246,0.19746796177294207
793402.573153211,4716328.759307246,0.20627313133065617
793501.6557220183,4716328.759307246,0.21547092666038026
793600.7382908256,4716328.759307246,0.2249744216217483
793699.820859633,4716328.759307246,0.2350061144125343
793798.9034284403,4716328.759307246,0.2453712224056447
793897.9859972477,4716328.759307246,0.2561934906899833
793997.068566055,4716328.759307246,0.286248575181902
794096.1511348623,4716328.759307246,0.3294181520942714
794195.2337036697,4716328.759307246,0.5499426290392572
794294.316272477,4716328.759307246,1.2267638557355176
794393.3988412843,4716328.759307246,1.1596169931701208
794492.4814100917,4716328.759307246,0.9649791543030454
794591.563978899,4716328.759307246,1.7459255536464413
794690.6465477064,4716328.759307246,1.2726310571421413
794789.7291165137,4716328.759307246,1.0838440119581325
794888.811685321,4716328.759307246,1.0194213050277388
794987.8942541284,4716328.759307246,1.0302563616631848
795086.9768229357,4716328.759307246,0.9622871068987455
795186.0593917432,4716328.759307246,0.6822214693765158
795285.1419605504,4716328.759307246,0.5711187680789899
795384.2245293577,4716328.759307246,0.7792995566621255
795483.3070981652,4716328.759307246,0.89139362209155
795582.3896669724,4716328.759307246,0.8415189547931976
795681.4722357797,4716328.759307246,0.9225474189697319
795780.5548045872,4716328.759307246,1.1569576260883665
795879.6373733944,4716328.759307246,1.1958962528715755
795978.7199422019,4716328.759307246,1.0273547356983412
796077.8025110092,4716328.759307246,0.9551122111353303
796176.8850798164,4716328.759307246,0.9943089601613793
796275.9676486239,4716328.759307246,1.0288468057965254
796375.0502174312,4716328.759307246,0.7857063079036212
796474.1327862386,4716328.759307246,0.7876603443852412
796573.2153550459,4716328.759307246,0.8707424566878255
796672.2979238532,4716328.759307246,0.9313201545089674
796771.3804926606,4716328.759307246,0.9507634693169503
796870.4630614679,4716328.759307246,0.909541664108265
796969.5456302752,4716328.759307246,0.8246838583526153
797068.6281990826,4716328.759307246,0.9481643621468644
797167.7107678899,4716328.759307246,1.502711832588361
797266.7933366973,4716328.759307246,1.7874214522227312
797365.8759055046,4716328.759307246,1.808182583102029
797464.9584743119,4716328.759307246,1.6659535677800568
797564.0410431193,4716328.759307246,1.0510563855617654
797663.1236119266,4716328.759307246,0.882378674960502
797762.206180734,4716328.759307246,0.8981269266150516
797861.2887495413,4716328.759307246,0.9057637679462419
797960.3713183486,4716328.759307246,0.9102808350923258
798059.453887156,4716328.759307246,0.909307531797335
798158.5364559633,4716328.759307246,0.9159478890968146
798257.6190247706,4716328.759307246,0.9223865087559571
798356.701593578,4716328.759307246,0.928558615190356
798455.7841623853,4716328.759307246,0.9345888100306556
798554.8667311927,4716328.759307246,1.0186452689310912
798653.9493,4716328.759307246,1.136736179462692
798753.0318688073,4716328.759307246,1.1977032614076624
798852.1144376147,4716328.759307246,1.3026538684714648
798951.197006422,4716328.759307246,1.4588096619878803
799050.2795752294,4716328.759307246,1.7442086895462379
799149.3621440367,4716328.759307246,1.9869930284000301
799248.444712844,4716328.759307246,2.0180070186127836
799347.5272816514,4716328.759307246,2.021985231265182
799446.6098504587,4716328.759307246,1.926091198578776
799545.692419266,4716328.759307246,1.3675705677198584
799644.7749880734,4716328.759307246,1.0677782101754554
799743.8575568807,4716328.759307246,1.064537755746397
799842.9401256881,4716328.759307246,1.095601236020515
799942.0226944954,4716328.759307246,1.123924651232334
800041.1052633027,4716328.759307246,1.2335333447949557
800140.1878321101,4716328.759307246,1.5728790854988548
800239.2704009174,4716328.759307246,1.7660479530313808
800338.3529697248,4716328.759307246,1.6997888766259523
800437.4355385321,4716328.759307246,1.4561921754646325
800536.5181073394,4716328.759307246,1.1916607152772565
800635.6006761468,4716328.759307246,1.1736230083407717
800734.6832449541,4716328.759307246,1.1681694794116666
800833.7658137614,4716328.759307246,1.1534152981425254
800932.8483825688,4716328.759307246,1.1203040464633025
801031.9309513761,4716328.759307246,1.1125176451830205
801131.0135201835,4716328.759307246,1.0980726159749474
801230.0960889908,4716328.759307246,1.087880309131302
801329.1786577981,4716328.759307246,1.0763059470022627
801428.2612266055,4716328.759307246,1.0641154034717126
801527.3437954128,4716328.759307246,1.0515683832941813
801626.4263642202,4716328.759307246,1.0385743540377297
801725.5089330275,4716328.759307246,1.0261685969707004
801824.5915018348,4716328.759307246,1.0138706199722622
801923.6740706422,4716328.759307246,1.0024621373180405
802022.7566394495,4716328.759307246,0.999141664955407
802121.8392082568,4716328.759307246,0.9893138739479553
802220.9217770642,4716328.759307246,0.994205715363597
802320.0043458715,4716328.759307246,1.0229435994625697
802419.0869146789,4716328.759307246,1.092114204047513
802518.1694834862,4716328.759307246,1.2786799655683263
802617.2520522935,4716328.759307246,1.33180910366027
802716.3346211009,4716328.759307246,1.2224976999422552
802815.4171899082,4716328.759307246,1.1695622984329126
802914.4997587156,4716328.759307246,0.9575627685083414
803013.5823275229,4716328.759307246,0.9204738269642779
803112.6648963302,4716328.759307246,0.9140070570459319
803211.7474651376,4716328.759307246,0.9073304530095011
803310.8300339449,4716328.759307246,0.9002101245415846
803409.9126027522,4716328.759307246,0.8929109548608821
803508.9951715596,4716328.759307246,0.8853001145187138
803608.0777403669,4716328.759307246,0.8772320661066119
803707.1603091743,4716328.759307246,0.8687535570568482
803806.2428779816,4716328.759307246,0.8597387260540771
803905.3254467889,4716328.759307246,0.8500447817618164
804004.4080155963,4716328.759307246,0.8395263585513145
793303.4905844036,4716230.208582608,0.19428634360620337
793402.573153211,4716230.208582608,0.20294964363138618
793501.6557220183,4716230.208582608,0.2119008787031246
793600.7382908256,4716230.208582608,0.22124691421833184
793699.820859633,4716230.208582608,0.23100516312495506
793798.9034284403,4716230.208582608,0.24108189579805625
793897.9859972477,4716230.208582608,0.25832966504824473
793997.068566055,4716230.208582608,0.3211795019941077
794096.1511348623,4716230.208582608,0.37468626054018983
794195.2337036697,4716230.208582608,0.5462732203302837
794294.316272477,4716230.208582608,1.2430687557919
794393.3988412843,4716230.208582608,1.4375471718818826
794492.4814100917,4716230.208582608,1.652425146494023
794591.563978899,4716230.208582608,1.7360941061679163
794690.6465477064,4716230.208582608,0.8382196243250192
794789.7291165137,4716230.208582608,0.6499440076191774
794888.811685321,4716230.208582608,0.5477626380562111
794987.8942541284,4716230.208582608,0.5186846440134315
795086.9768229357,4716230.208582608,0.4461751143609218
795186.0593917432,4716230.208582608,0.4431664867764193
795285.1419605504,4716230.208582608,0.46153858605829634
795384.2245293577,4716230.208582608,0.5909139331112578
795483.3070981652,4716230.208582608,0.6182703706107331
795582.3896669724,4716230.208582608,0.672686654191587
795681.4722357797,4716230.208582608,0.7948865138908859
795780.5548045872,4716230.208582608,0.6817686996921076
795879.6373733944,4716230.208582608,0.6424536429470027
795978.7199422019,4716230.208582608,0.842628291604838
796077.8025110092,4716230.208582608,0.9117426013320414
796176.8850798164,4716230.208582608,0.9821027876664206
796275.9676486239,4716230.208582608,1.0394586927131768
796375.0502174312,4716230.208582608,0.7931610188076382
796474.1327862386,4716230.208582608,0.7407557530992233
796573.2153550459,4716230.208582608,0.8769680379868002
796672.2979238532,4716230.208582608,0.9325470560228312
796771.3804926606,4716230.208582608,0.9483134449394814
796870.4630614679,4716230.208582608,0.8856905652332612
796969.5456302752,4716230.208582608,0.8871593114209305
797068.6281990826,4716230.208582608,0.9180533956781387
797167.7107678899,4716230.208582608,1.4286124027359175
797266.7933366973,4716230.208582608,1.752014949720365
797365.8759055046,4716230.208582608,1.7008432668333917
797464.9584743119,4716230.208582608,1.5214801323368077
797564.0410431193,4716230.208582608,0.9786025975823954
797663.1236119266,4716230.208582608,0.8747712981508322
797762.206180734,4716230.208582608,0.8828164234369605
797861.2887495413,4716230.208582608,0.8904990440820003
797960.3713183486,4716230.208582608,0.8950900241716299
798059.453887156,4716230.208582608,0.902031165027446
798158.5364559633,4716230.208582608,0.9087156396740295
798257.6190247706,4716230.208582608,0.9150756934108697
798356.701593578,4716230.208582608,0.9212397733988964
798455.7841623853,4716230.208582608,0.9278919848823057
798554.8667311927,4716230.208582608,0.9415720554793556
798653.9493,4716230.208582608,1.013354567550494
798753.0318688073,4716230.208582608,1.083478618325256
798852.1144376147,4716230.208582608,1.0582332356127422
798951.197006422,4716230.208582608,1.2706558142954074
799050.2795752294,4716230.208582608,1.5093099018463647
799149.3621440367,4716230.208582608,1.7305498616590143
799248.444712844,4716230.208582608,1.770330519522964
799347.5272816514,4716230.208582608,1.6156022411388107
799446.6098504587,4716230.208582608,1.2849650592610802
799545.692419266,4716230.208582608,1.0625754360158037
799644.7749880734,4716230.208582608,1.0425879407388872
799743.8575568807,4716230.208582608,1.0401688971888137
799842.9401256881,4716230.208582608,1.068463576331975
799942.0226944954,4716230.208582608,1.0772347483355316
800041.1052633027,4716230.208582608,1.1011218196598078
800140.1878321101,4716230.208582608,1.3153522209716777
800239.2704009174,4716230.208582608,1.5266234084506924
800338.3529697248,4716230.208582608,1.5747835409227513
800437.4355385321,4716230.208582608,1.4957818992750562
800536.5181073394,4716230.208582608,1.2019186517839784
800635.6006761468,4716230.208582608,1.1100456472511124
800734.6832449541,4716230.208582608,1.1016740956779651
800833.7658137614,4716230.208582608,1.0893585414683586
800932.8483825688,4716230.208582608,1.072474157590867
801031.9309513761,4716230.208582608,1.0609760356122881
801131.0135201835,4716230.208582608,1.0527768097671641
801230.0960889908,4716230.208582608,1.0449114149514667
801329.1786577981,4716230.208582608,1.0367704429486193
801428.2612266055,4716230.208582608,1.0274818548825793
801527.3437954128,4716230.208582608,1.018309381002672
801626.4263642202,4716230.208582608,1.0090775110374888
801725.5089330275,4716230.208582608,0.9997062429583723
801824.5915018348,4716230.208582608,0.9908598533179388
801923.6740706422,4716230.208582608,0.9823772812639211
802022.7566394495,4716230.208582608,0.9816039736456612
802121.8392082568,4716230.208582608,0.9741533973565369
802220.9217770642,4716230.208582608,0.9715321914628294
802320.0043458715,4716230.208582608,1.0295094958156215
802419.0869146789,4716230.208582608,1.0869966236575423
802518.1694834862,4716230.208582608,1.1192205798979848
802617.2520522935,4716230.208582608,1.281453505595351
802716.3346211009,4716230.208582608,1.2401779063846445
802815.4171899082,4716230.208582608,1.0519624826450231
802914.4997587156,4716230.208582608,0.9194186554493925
803013.5823275229,4716230.208582608,0.913227997975687
803112.6648963302,4716230.208582608,0.9067350016175942
803211.7474651376,4716230.208582608,0.900007084607894
803310.8300339449,4716230.208582608,0.8929109548608821
803409.9126027522,4716230.208582608,0.8855145938847365
803508.9951715596,4716230.208582608,0.8777855908731304
803608.0777403669,4716230.208582608,0.8695605360225385
803707.1603091743,4716230.208582608,0.860953663841386
803806.2428779816,4716230.208582608,0.851597588680284
803905.3254467889,4716230.208582608,0.8414713683196537
804004.4080155963,4716230.208582608,0.8304375540878145
793303.4905844036,4716131.65785797,0.19106729417402946
793402.573153211,4716131.65785797,0.19949444996534746
793501.6557220183,4716131.65785797,0.2082932913192601
793600.7382908256,4716131.65785797,0.2261454044502309
793699.820859633,4716131.65785797,0.23959576081322848
793798.9034284403,4716131.65785797,0.23686755077375396
793897.9859972477,4716131.65785797,0.2801731416474709
793997.068566055,4716131.65785797,0.3359174893761298
794096.1511348623,4716131.65785797,0.4194520238686874
794195.2337036697,4716131.65785797,0.5154722342650553
794294.316272477,4716131.65785797,0.7464593916693438
794393.3988412843,4716131.65785797,1.040609256216012
794492.4814100917,4716131.65785797,0.8437528418658603
794591.563978899,4716131.65785797,0.636844927318169
794690.6465477064,4716131.65785797,0.5166622113426507
794789.7291165137,4716131.65785797,0.46244039636134104
794888.811685321,4716131.65785797,0.3927314426548691
794987.8942541284,4716131.65785797,0.40631917884067625
795086.9768229357,4716131.65785797,0.41703669970272295
795186.0593917432,4716131.65785797,0.43322679715275336
795285.1419605504,4716131.65785797,0.45075714107224846
795384.2245293577,4716131.65785797,0.5725953472554344
795483.3070981652,4716131.65785797,0.6003019460165135
795582.3896669724,4716131.65785797,0.6256775931965874
795681.4722357797,4716131.65785797,0.6402011009075992
795780.5548045872,4716131.65785797,0.5568235142101292
795879.6373733944,4716131.65785797,0.5848131495760506
795978.7199422019,4716131.65785797,0.7113080846861906
796077.8025110092,4716131.65785797,0.9246427772714543
796176.8850798164,4716131.65785797,0.9867244088372935
796275.9676486239,4716131.65785797,0.9376380990435523
796375.0502174312,4716131.65785797,0.7789611935137476
796474.1327862386,4716131.65785797,0.7385034050313779
796573.2153550459,4716131.65785797,0.8088092917393157
796672.2979238532,4716131.65785797,0.9019609714883845
796771.3804926606,4716131.65785797,0.9121690332795875
796870.4630614679,4716131.65785797,0.8834562690057737
796969.5456302752,4716131.65785797,0.8741839207796197
797068.6281990826,4716131.65785797,0.8906348241728833
797167.7107678899,4716131.65785797,1.068929562374356
797266.7933366973,4716131.65785797,1.3909984142299046
797365.8759055046,4716131.65785797,1.4231742332552137
797464.9584743119,4716131.65785797,1.1647857586762094
797564.0410431193,4716131.65785797,0.858361039982032
797663.1236119266,4716131.65785797,0.8666230222758247
797762.206180734,4716131.65785797,0.8748851383017279
797861.2887495413,4716131.65785797,0.8827065168683794
797960.3713183486,4716131.65785797,0.887436810386852
798059.453887156,4716131.65785797,0.8944692206289356
798158.5364559633,4716131.65785797,0.9011220556578737
798257.6190247706,4716131.65785797,0.907528694366164
798356.701593578,4716131.65785797,0.9137150972472158
798455.7841623853,4716131.65785797,0.9255836205017012
798554.8667311927,4716131.65785797,0.9373616991473883
798653.9493,4716131.65785797,0.9620958547094863
798753.0318688073,4716131.65785797,1.0004246149815366
798852.1144376147,4716131.65785797,1.008137261812498
798951.197006422,4716131.65785797,1.0507654733231602
799050.2795752294,4716131.65785797,1.2013829447029591
799149.3621440367,4716131.65785797,1.2503598841096342
799248.444712844,4716131.65785797,1.4515479309575128
799347.5272816514,4716131.65785797,1.3894396546651182
799446.6098504587,4716131.65785797,1.2516211476373622
799545.692419266,4716131.65785797,1.0577293404975638
799644.7749880734,4716131.65785797,1.0260709628333602
799743.8575568807,4716131.65785797,1.0168976774988923
799842.9401256881,4716131.65785797,1.0381856654752246
799942.0226944954,4716131.65785797,1.0450551425923709
800041.1052633027,4716131.65785797,1.0471106122100553
800140.1878321101,4716131.65785797,1.2028201817654456
800239.2704009174,4716131.65785797,1.4104461228665803
800338.3529697248,4716131.65785797,1.6415906836123164
800437.4355385321,4716131.65785797,1.7670103406039446
800536.5181073394,4716131.65785797,1.3901771578564348
800635.6006761468,4716131.65785797,1.1887457494553992
800734.6832449541,4716131.65785797,1.066464917559221
800833.7658137614,4716131.65785797,1.0600605779464776
800932.8483825688,4716131.65785797,1.0449229621669838
801031.9309513761,4716131.65785797,1.0439810472212645
801131.0135201835,4716131.65785797,1.0236104360879408
801230.0960889908,4716131.65785797,1.0127205490763667
801329.1786577981,4716131.65785797,1.0063711265183164
801428.2612266055,4716131.65785797,0.9999530076878813
801527.3437954128,4716131.65785797,0.9933174884933861
801626.4263642202,4716131.65785797,0.9863865337104183
801725.5089330275,4716131.65785797,0.979707155006878
801824.5915018348,4716131.65785797,0.9731481779114084
801923.6740706422,4716131.65785797,0.9667904352736509
802022.7566394495,4716131.65785797,0.967989266636781
802121.8392082568,4716131.65785797,0.9622255090375116
802220.9217770642,4716131.65785797,0.9568055772498205
802320.0043458715,4716131.65785797,0.9593538851628675
802419.0869146789,4716131.65785797,1.056393251766323
802518.1694834862,4716131.65785797,1.0443794287744816
802617.2520522935,4716131.65785797,1.0189701968094989
802716.3346211009,4716131.65785797,0.9441636456713373
802815.4171899082,4716131.65785797,0.9178795206667613
802914.4997587156,4716131.65785797,0.9119585492735804
803013.5823275229,4716131.65785797,0.9057401218330031
803112.6648963302,4716131.65785797,0.8991934933858272
803211.7474651376,4716131.65785797,0.8923895161947876
803310.8300339449,4716131.65785797,0.8853001145187138
803409.9126027522,4716131.65785797,0.8777855908731304
803508.9951715596,4716131.65785797,0.8699053023621759
803608.0777403669,4716131.65785797,0.8614370358975338
803707.1603091743,4716131.65785797,0.8524958826584186
803806.2428779816,4716131.65785797,0.8427080795867482
803905.3254467889,4716131.65785797,0.8322126999460271
804004.4080155963,4716131.65785797,0.8205982632672868
793303.4905844036,4716033.107133333,0.18781439610136202
793402.573153211,4716033.107133333,0.19600709377127723
793501.6557220183,4716033.107133333,0.24394127066388674
793600.7382908256,4716033.107133333,0.3232058665363149
793699.820859633,4716033.107133333,0.360433147149119
793798.9034284403,4716033.107133333,0.3204083688404096
793897.9859972477,4716033.107133333,0.2962767142963447
793997.068566055,4716033.107133333,0.3726322074829551
794096.1511348623,4716033.107133333,0.4787936637209983
794195.2337036697,4716033.107133333,0.5042406132927044
794294.316272477,4716033.107133333,0.47071069155782486
794393.3988412843,4716033.107133333,0.5532157012088972
794492.4814100917,4716033.107133333,0.46466989089216987
794591.563978899,4716033.107133333,0.37561834825420576
794690.6465477064,4716033.107133333,0.3493846982099681
794789.7291165137,4716033.107133333,0.3609750793783805
794888.811685321,4716033.107133333,0.375060767289918
794987.8942541284,4716033.107133333,0.3894976054206497
795086.9768229357,4716033.107133333,0.4050807752636938
795186.0593917432,4716033.107133333,0.42197094782973293
795285.1419605504,4716033.107133333,0.43739326738229467
795384.2245293577,4716033.107133333,0.46849805953045903
795483.3070981652,4716033.107133333,0.5564113516602025
795582.3896669724,4716033.107133333,0.5779123136591783
795681.4722357797,4716033.107133333,0.5357282235742152
795780.5548045872,4716033.107133333,0.5369951940350531
795879.6373733944,4716033.107133333,0.5585688932378203
795978.7199422019,4716033.107133333,0.5952676111771051
796077.8025110092,4716033.107133333,0.6753530546840731
796176.8850798164,4716033.107133333,0.7665892224923332
796275.9676486239,4716033.107133333,0.7271399702949805
796375.0502174312,4716033.107133333,0.7191846966513968
796474.1327862386,4716033.107133333,0.6980348183055117
796573.2153550459,4716033.107133333,0.9151824242635311
796672.2979238532,4716033.107133333,1.0543078157647945
796771.3804926606,4716033.107133333,1.061858171264958
796870.4630614679,4716033.107133333,0.9053965070304798
796969.5456302752,4716033.107133333,0.8604953378082985
797068.6281990826,4716033.107133333,0.8866067627435698
797167.7107678899,4716033.107133333,0.9898805907093184
797266.7933366973,4716033.107133333,1.0610278917260942
797365.8759055046,4716033.107133333,1.0720738878838898
797464.9584743119,4716033.107133333,0.914097623388854
797564.0410431193,4716033.107133333,0.8462225852722971
797663.1236119266,4716033.107133333,0.8554097177894038
797762.206180734,4716033.107133333,0.8639511837016569
797861.2887495413,4716033.107133333,0.8718471635268671
797960.3713183486,4716033.107133333,0.8793288249064087
798059.453887156,4716033.107133333,0.8864775142099471
798158.5364559633,4716033.107133333,0.8933273751453373
798257.6190247706,4716033.107133333,0.8997022572138837
798356.701593578,4716033.107133333,0.9059393466939936
798455.7841623853,4716033.107133333,0.917684825079793
798554.8667311927,4716033.107133333,0.9298962871198665
798653.9493,4716033.107133333,0.946101141983493
798753.0318688073,4716033.107133333,0.9861570632831697
798852.1144376147,4716033.107133333,0.986607893720328
798951.197006422,4716033.107133333,0.9726896541956996
799050.2795752294,4716033.107133333,0.967151503375727
799149.3621440367,4716033.107133333,1.0403128979213971
799248.444712844,4716033.107133333,1.2463729028283037
799347.5272816514,4716033.107133333,1.2107835691368363
799446.6098504587,4716033.107133333,1.1941471471839447
799545.692419266,4716033.107133333,1.0741228653355352
799644.7749880734,4716033.107133333,0.9914564755233415
799743.8575568807,4716033.107133333,0.9998747047186526
799842.9401256881,4716033.107133333,1.003031496476774
799942.0226944954,4716033.107133333,0.9956718052958407
800041.1052633027,4716033.107133333,1.0033137765860471
800140.1878321101,4716033.107133333,1.1012638846161422
800239.2704009174,4716033.107133333,1.4111249163863016
800338.3529697248,4716033.107133333,1.8765013925897032
800437.4355385321,4716033.107133333,2.092234005638886
800536.5181073394,4716033.107133333,1.876598290223487
800635.6006761468,4716033.107133333,1.3321425016110018
800734.6832449541,4716033.107133333,1.0757841084256246
800833.7658137614,4716033.107133333,1.0230817707555508
800932.8483825688,4716033.107133333,1.0225357559795463
801031.9309513761,4716033.107133333,1.025837922293203
801131.0135201835,4716033.107133333,1.007470747791768
801230.0960889908,4716033.107133333,0.9959034425653861
801329.1786577981,4716033.107133333,0.983952734576908
801428.2612266055,4716033.107133333,0.9793344786039253
801527.3437954128,4716033.107133333,0.9743363286465068
801626.4263642202,4716033.107133333,0.9694059207429641
801725.5089330275,4716033.107133333,0.9642939710717761
801824.5915018348,4716033.107133333,0.9593647574455874
801923.6740706422,4716033.107133333,0.9546219137136547
802022.7566394495,4716033.107133333,0.9498307102751653
802121.8392082568,4716033.107133333,0.9577850523109407
802220.9217770642,4716033.107133333,0.9457816051515341
802320.0043458715,4716033.107133333,0.9360954453008198
802419.0869146789,4716033.107133333,0.943849071135595
802518.1694834862,4716033.107133333,0.961434884728414
802617.2520522935,4716033.107133333,0.9367653830134535
802716.3346211009,4716033.107133333,0.9157542310062887
802815.4171899082,4716033.107133333,0.9100951214811135
802914.4997587156,4716033.107133333,0.9041417486774075
803013.5823275229,4716033.107133333,0.8978664466873238
803112.6648963302,4716033.107133333,0.8913435614014912
803211.7474651376,4716033.107133333,0.8844403726687605
803310.8300339449,4716033.107133333,0.8772320661066119
803409.9126027522,4716033.107133333,0.8695605360225385
803508.9951715596,4716033.107133333,0.8614370358975338
803608.0777403669,4716033.107133333,0.8527515380363341
803707.1603091743,4716033.107133333,0.8433906034455032
803806.2428779816,4716033.107133333,0.8332384315968365
803905.3254467889,4716033.107133333,0.8220209185642008
804004.4080155963,4716033.107133333,0.8099239286706661
793303.4905844036,4715934.556408695,0.18453121856086918
793402.573153211,4715934.556408695,0.19616105099418585
793501.6557220183,4715934.556408695,0.2991990897956366
793600.7382908256,4715934.556408695,0.37617255033218033
793699.820859633,4715934.556408695,0.39625103079015334
793798.9034284403,4715934.556408695,0.4033545194894521
793897.9859972477,4715934.556408695,0.32893422545187295
793997.068566055,4715934.556408695,0.3536146491520747
794096.1511348623,4715934.556408695,0.3761427359065118
794195.2337036697,4715934.556408695,0.4130352236021593
794294.316272477,4715934.556408695,0.36862659873989023
794393.3988412843,4715934.556408695,0.3321797315871235
794492.4814100917,4715934.556408695,0.3168273615103265
794591.563978899,4715934.556408695,0.32797186676562307
794690.6465477064,4715934.556408695,0.3412633670585845
794789.7291165137,4715934.556408695,0.34889611946493576
794888.811685321,4715934.556408695,0.36067242014602435
794987.8942541284,4715934.556408695,0.375707298424309
795086.9768229357,4715934.556408695,0.39136891596019774
795186.0593917432,4715934.556408695,0.4078262907674817
795285.1419605504,4715934.556408695,0.4242839641681406
795384.2245293577,4715934.556408695,0.44156049222284643
795483.3070981652,4715934.556408695,0.4595405076747467
795582.3896669724,4715934.556408695,0.4780294070303464
795681.4722357797,4715934.556408695,0.49722375878372943
795780.5548045872,4715934.556408695,0.52414429433908
795879.6373733944,4715934.556408695,0.5451266192015769
795978.7199422019,4715934.556408695,0.5745735999640464
796077.8025110092,4715934.556408695,0.5999267260846793
796176.8850798164,4715934.556408695,0.6241668654783495
796275.9676486239,4715934.556408695,0.6627004880018159
796375.0502174312,4715934.556408695,0.6612769977824228
796474.1327862386,4715934.556408695,0.673575850172029
796573.2153550459,4715934.556408695,0.9395018890317928
796672.2979238532,4715934.556408695,1.0120417771588255
796771.3804926606,4715934.556408695,1.0444053386472074
796870.4630614679,4715934.556408695,0.9803255462734939
796969.5456302752,4715934.556408695,0.7672299665512341
797068.6281990826,4715934.556408695,0.8185532587433808
797167.7107678899,4715934.556408695,1.0388594877958734
797266.7933366973,4715934.556408695,1.3053634831502305
797365.8759055046,4715934.556408695,1.326241871223692
797464.9584743119,4715934.556408695,1.185797930265854
797564.0410431193,4715934.556408695,0.8658903515854554
797663.1236119266,4715934.556408695,0.8460889765373667
797762.206180734,4715934.556408695,0.8550328597641529
797861.2887495413,4715934.556408695,0.8632368144818938
797960.3713183486,4715934.556408695,0.8709358063993095
798059.453887156,4715934.556408695,0.8782275062114667
798158.5364559633,4715934.556408695,0.885085453245049
798257.6190247706,4715934.556408695,0.891553083031085
798356.701593578,4715934.556408695,0.8977641080486234
798455.7841623853,4715934.556408695,0.9041808858879918
798554.8667311927,4715934.556408695,0.9403979134192797
798653.9493,4715934.556408695,0.971803001995239
798753.0318688073,4715934.556408695,0.975257556782568
798852.1144376147,4715934.556408695,0.9663020527376054
798951.197006422,4715934.556408695,1.1303989323316872
799050.2795752294,4715934.556408695,1.1938326684209135
799149.3621440367,4715934.556408695,1.1120644243823519
799248.444712844,4715934.556408695,1.1054822891684852
799347.5272816514,4715934.556408695,1.124734595087564
799446.6098504587,4715934.556408695,1.125771664792719
799545.692419266,4715934.556408695,1.036149499553872
799644.7749880734,4715934.556408695,0.9723786703716362
799743.8575568807,4715934.556408695,0.971042956644151
799842.9401256881,4715934.556408695,0.9645817521898254
799942.0226944954,4715934.556408695,0.9766604733536722
800041.1052633027,4715934.556408695,0.9759600398476902
800140.1878321101,4715934.556408695,1.010020468001798
800239.2704009174,4715934.556408695,1.3099715180061546
800338.3529697248,4715934.556408695,1.9183920893099171
800437.4355385321,4715934.556408695,2.195290169844583
800536.5181073394,4715934.556408695,2.2107783820749924
800635.6006761468,4715934.556408695,1.7595475441067834
800734.6832449541,4715934.556408695,1.1627241769814505
800833.7658137614,4715934.556408695,1.0016081317018117
800932.8483825688,4715934.556408695,1.0047245857051956
801031.9309513761,4715934.556408695,0.9980770636243047
801131.0135201835,4715934.556408695,0.9855531942296816
801230.0960889908,4715934.556408695,0.9825584841092936
801329.1786577981,4715934.556408695,0.9670918087018876
801428.2612266055,4715934.556408695,0.9635812211441227
801527.3437954128,4715934.556408695,0.9598901140325559
801626.4263642202,4715934.556408695,0.956196357785094
801725.5089330275,4715934.556408695,0.9522877287417046
801824.5915018348,4715934.556408695,0.9484271138037413
801923.6740706422,4715934.556408695,0.9679493157172352
802022.7566394495,4715934.556408695,1.1357909793113645
802121.8392082568,4715934.556408695,1.0825545071598013
802220.9217770642,4715934.556408695,1.0631864694217483
802320.0043458715,4715934.556408695,0.9598401246977556
802419.0869146789,4715934.556408695,0.9232449191898197
802518.1694834862,4715934.556408695,0.9182648022726473
802617.2520522935,4715934.556408695,0.9131305024331041
802716.3346211009,4715934.556408695,0.9077268155161508
802815.4171899082,4715934.556408695,0.902031165027446
802914.4997587156,4715934.556408695,0.8960185956086518
803013.5823275229,4715934.556408695,0.8907024170972584
803112.6648963302,4715934.556408695,0.8839767254604328
803211.7474651376,4715934.556408695,0.8761211117866555
803310.8300339449,4715934.556408695,0.8687535570568482
803409.9126027522,4715934.556408695,0.860953663841386
803508.9951715596,4715934.556408695,0.8524958826584186
803608.0777403669,4715934.556408695,0.8433906034455032
803707.1603091743,4715934.556408695,0.8335301895301971
803806.2428779816,4715934.556408695,0.8228056468712175
803905.3254467889,4715934.556408695,0.8109394184156644
804004.4080155963,4715934.556408695,0.7981485373249343
793303.4905844036,4715836.005684057,0.18365882174864268
793402.573153211,4715836.005684057,0.19813690591107652
793501.6557220183,4715836.005684057,0.31939526757612674
793600.7382908256,4715836.005684057,0.39904359530498784
793699.820859633,4715836.005684057,0.4300863952486862
793798.9034284403,4715836.005684057,0.42895901306764955
793897.9859972477,4715836.005684057,0.31721168966224894
793997.068566055,4715836.005684057,0.3078721568195703
794096.1511348623,4715836.005684057,0.3199254102391823
794195.2337036697,4715836.005684057,0.32561619228590416
794294.316272477,4715836.005684057,0.30474973860399107
794393.3988412843,4715836.005684057,0.29377275833267075
794492.4814100917,4715836.005684057,0.30604642356715017
794591.563978899,4715836.005684057,0.31967406482449556
794690.6465477064,4715836.005684057,0.32862024264604
794789.7291165137,4715836.005684057,0.34085228770193254
794888.811685321,4715836.005684057,0.3527267295499661
794987.8942541284,4715836.005684057,0.36743038624245405
795086.9768229357,4715836.005684057,0.3823918788091489
795186.0593917432,4715836.005684057,0.3981473270876546
795285.1419605504,4715836.005684057,0.4143595906829178
795384.2245293577,4715836.005684057,0.43123200561663877
795483.3070981652,4715836.005684057,0.4485832197478129
795582.3896669724,4715836.005684057,0.4690179994647193
795681.4722357797,4715836.005684057,0.4876553877272972
795780.5548045872,4715836.005684057,0.5069682200582047
795879.6373733944,4715836.005684057,0.5287311106015493
795978.7199422019,4715836.005684057,0.5539819420347075
796077.8025110092,4715836.005684057,0.573947151703151
796176.8850798164,4715836.005684057,0.5986510625550304
796275.9676486239,4715836.005684057,0.6159522519428494
796375.0502174312,4715836.005684057,0.6293179047392938
796474.1327862386,4715836.005684057,0.6504956040590412
796573.2153550459,4715836.005684057,0.8665941066051993
796672.2979238532,4715836.005684057,0.9435618034053632
796771.3804926606,4715836.005684057,0.9770714503639444
796870.4630614679,4715836.005684057,0.9142075861525655
796969.5456302752,4715836.005684057,0.7534380720150746
797068.6281990826,4715836.005684057,0.798177378841643
797167.7107678899,4715836.005684057,1.137592444395859
797266.7933366973,4715836.005684057,1.4285361666610026
797365.8759055046,4715836.005684057,1.4283810368230059
797464.9584743119,4715836.005684057,1.28588353291493
797564.0410431193,4715836.005684057,0.9364864531485593
797663.1236119266,4715836.005684057,0.836130210907434
797762.206180734,4715836.005684057,0.8454190801216558
797861.2887495413,4715836.005684057,0.854023247295302
797960.3713183486,4715836.005684057,0.8620391985725911
798059.453887156,4715836.005684057,0.869445470831652
798158.5364559633,4715836.005684057,0.8812606064479009
798257.6190247706,4715836.005684057,0.8893141103418882
798356.701593578,4715836.005684057,0.895556912691898
798455.7841623853,4715836.005684057,0.89529664519990515
798554.8667311927,4715836.005684057,0.9408676493195066
798653.9493,4715836.005684057,1.0049098576691435
798753.0318688073,4715836.005684057,1.004999271201877
798852.1144376147,4715836.005684057,1.1568862099776018
798951.197006422,4715836.005684057,1.2893137241897754
799050.2795752294,4715836.005684057,1.287986159653602
799149.3621440367,4715836.005684057,1.2705312392766486
799248.444712844,4715836.005684057,1.1327720847886535
799347.5272816514,4715836.005684057,1.1238751541994592
799446.6098504587,4715836.005684057,1.1108305810550254
799545.692419266,4715836.005684057,0.9848122892162967
799644.7749880734,4715836.005684057,0.9546461703328376
799743.8575568807,4715836.005684057,0.9529730029576116
799842.9401256881,4715836.005684057,0.9557618711959674
799942.0226944954,4715836.005684057,0.9580063949820399
800041.1052633027,4715836.005684057,0.9571893890258301
800140.1878321101,4715836.005684057,0.9692155851123976
800239.2704009174,4715836.005684057,1.10006987769581
800338.3529697248,4715836.005684057,1.6234223634602418
800437.4355385321,4715836.005684057,2.0110072432288253
800536.5181073394,4715836.005684057,2.0999678800396886
800635.6006761468,4715836.005684057,1.7304837047195816
800734.6832449541,4715836.005684057,1.2815036265704953
800833.7658137614,4715836.005684057,1.005312326650113
800932.8483825688,4715836.005684057,0.981088832969668
801031.9309513761,4715836.005684057,0.9771229570406935
801131.0135201835,4715836.005684057,0.9707685945048568
801230.0960889908,4715836.005684057,0.9685926709452835
801329.1786577981,4715836.005684057,0.954028701630359
801428.2612266055,4715836.005684057,0.9513816401734012
801527.3437954128,4715836.005684057,0.9485339094565376
801626.4263642202,4715836.005684057,0.9456101996212897
801725.5089330275,4715836.005684057,0.9443852316157474
801824.5915018348,4715836.005684057,1.010123912888145
801923.6740706422,4715836.005684057,1.162798849053984
802022.7566394495,4715836.005684057,1.2147949950212535
802121.8392082568,4715836.005684057,1.1846145709682212
802220.9217770642,4715836.005684057,1.0661827982292424
802320.0043458715,4715836.005684057,0.9961973982022109
802419.0869146789,4715836.005684057,0.9148816129661222
802518.1694834862,4715836.005684057,0.9099967715258295
802617.2520522935,4715836.005684057,0.9538382069792604
802716.3346211009,4715836.005684057,0.9689067484375373
802815.4171899082,4715836.005684057,0.9358890032953903
802914.4997587156,4715836.005684057,0.9349275943757173
803013.5823275229,4715836.005684057,1.0971964717968408
803112.6648963302,4715836.005684057,1.1070515710149254
803211.7474651376,4715836.005684057,0.9996159142033539
803310.8300339449,4715836.005684057,0.8597387260540771
803409.9126027522,4715836.005684057,0.851597588680284
803508.9951715596,4715836.005684057,0.8427080795867482
803608.0777403669,4715836.005684057,0.8332384315968365
803707.1603091743,4715836.005684057,0.8228056468712175
803806.2428779816,4715836.005684057,0.8112765237209304
803905.3254467889,4715836.005684057,0.7988744739007809
804004.4080155963,4715836.005684057,0.7853455441384315
793303.4905844036,4715737.45495942,0.19031297702030464
793402.573153211,4715737.45495942,0.19995300635388313
793501.6557220183,4715737.45495942,0.250740495421203
793600.7382908256,4715737.45495942,0.3931926132297543
793699.820859633,4715737.45495942,0.5230346461814785
793798.9034284403,4715737.45495942,0.4818473778448943
793897.9859972477,4715737.45495942,0.3535556392986952
793997.068566055,4715737.45495942,0.2793535264783197
794096.1511348623,4715737.45495942,0.2854586673567272
794195.2337036697,4715737.45495942,0.2832436481623031
794294.316272477,4715737.45495942,0.2712462979155896
794393.3988412843,4715737.45495942,0.28427985419927204
794492.4814100917,4715737.45495942,0.2959280344249176
794591.563978899,4715737.45495942,0.30739283250159927
794690.6465477064,4715737.45495942,0.3202067144679671
794789.7291165137,4715737.45495942,0.3333999871492355
794888.811685321,4715737.45495942,0.3447960293763312
794987.8942541284,4715737.45495942,0.3590024398900312
795086.9768229357,4715737.45495942,0.3736207527377245
795186.0593917432,4715737.45495942,0.3888343124326968
795285.1419605504,4715737.45495942,0.40447959694008356
795384.2245293577,4715737.45495942,0.42075439103417694
795483.3070981652,4715737.45495942,0.4376840239008855
795582.3896669724,4715737.45495942,0.45740997076622086
795681.4722357797,4715737.45495942,0.47690098080827975
795780.5548045872,4715737.45495942,0.4994990819750792
795879.6373733944,4715737.45495942,0.5180905739435968
795978.7199422019,4715737.45495942,0.5319621818360641
796077.8025110092,4715737.45495942,0.5500168052939894
796176.8850798164,4715737.45495942,0.5728413094397479
796275.9676486239,4715737.45495942,0.5932052343912717
796375.0502174312,4715737.45495942,0.6135352938583034
796474.1327862386,4715737.45495942,0.6339807073318365
796573.2153550459,4715737.45495942,0.7442725010286296
796672.2979238532,4715737.45495942,0.8412400469239083
796771.3804926606,4715737.45495942,0.8392416504018189
796870.4630614679,4715737.45495942,0.7320413321242375
796969.5456302752,4715737.45495942,0.7337004980673579
797068.6281990826,4715737.45495942,0.7816996786411037
797167.7107678899,4715737.45495942,1.0197346165176948
797266.7933366973,4715737.45495942,1.355952481105902
797365.8759055046,4715737.45495942,1.366926353926502
797464.9584743119,4715737.45495942,1.1976344107179622
797564.0410431193,4715737.45495942,0.8960431289885687
797663.1236119266,4715737.45495942,0.8251359725429782
797762.206180734,4715737.45495942,0.8349803429178018
797861.2887495413,4715737.45495942,0.8440699244030314
797960.3713183486,4715737.45495942,0.8524958826584186
798059.453887156,4715737.45495942,0.8602258277794549
798158.5364559633,4715737.45495942,0.8735375518771794
798257.6190247706,4715737.45495942,0.8803263397960945
798356.701593578,4715737.45495942,0.8866852580802407
798455.7841623853,4715737.45495942,0.8915756581728062
798554.8667311927,4715737.45495942,1.0865795111439176
798653.9493,4715737.45495942,1.3283437516775334
798753.0318688073,4715737.45495942,1.3238260434622287
798852.1144376147,4715737.45495942,1.363813350521241
798951.197006422,4715737.45495942,1.2694350579391318
799050.2795752294,4715737.45495942,1.2799259415253685
799149.3621440367,4715737.45495942,1.2861955538023524
799248.444712844,4715737.45495942,1.1128290930374072
799347.5272816514,4715737.45495942,1.088813478861446
799446.6098504587,4715737.45495942,1.0835348626677148
799545.692419266,4715737.45495942,1.0272427076499948
799644.7749880734,4715737.45495942,0.9406652362556726
799743.8575568807,4715737.45495942,0.943240927971814
799842.9401256881,4715737.45495942,0.9455690250284519
799942.0226944954,4715737.45495942,0.9477496248436572
800041.1052633027,4715737.45495942,0.9461227767622132
800140.1878321101,4715737.45495942,0.9476847467647301
800239.2704009174,4715737.45495942,0.9740872039427501
800338.3529697248,4715737.45495942,1.2153396403084684
800437.4355385321,4715737.45495942,1.6069122748741076
800536.5181073394,4715737.45495942,1.7612365906046115
800635.6006761468,4715737.45495942,1.6169419058734096
800734.6832449541,4715737.45495942,1.4008811956098475
800833.7658137614,4715737.45495942,1.106284734040062
800932.8483825688,4715737.45495942,0.9602611395227867
801031.9309513761,4715737.45495942,0.9535168077880785
801131.0135201835,4715737.45495942,0.9520257745135035
801230.0960889908,4715737.45495942,0.9462908826614839
801329.1786577981,4715737.45495942,0.9435954804941512
801428.2612266055,4715737.45495942,0.9413376186736139
801527.3437954128,4715737.45495942,0.938935766325652
801626.4263642202,4715737.45495942,0.9366943024183242
801725.5089330275,4715737.45495942,0.9655765991984366
801824.5915018348,4715737.45495942,1.100466009314842
801923.6740706422,4715737.45495942,1.16495804875349
802022.7566394495,4715737.45495942,1.25897651960053
802121.8392082568,4715737.45495942,1.1975022210326953
802220.9217770642,4715737.45495942,1.068113245441069
802320.0043458715,4715737.45495942,0.9586435104639708
802419.0869146789,4715737.45495942,0.9063374218511282
802518.1694834862,4715737.45495942,0.9725267182434278
802617.2520522935,4715737.45495942,1.026692547657031
802716.3346211009,4715737.45495942,1.056552882322688
802815.4171899082,4715737.45495942,1.0205346626781318
802914.4997587156,4715737.45495942,1.1483077348250257
803013.5823275229,4715737.45495942,1.125039958011806
803112.6648963302,4715737.45495942,1.102565779227914
803211.7474651376,4715737.45495942,1.0932024577680035
803310.8300339449,4715737.45495942,0.8686342984986603
803409.9126027522,4715737.45495942,0.8414713683196537
803508.9951715596,4715737.45495942,0.8322126999460271
803608.0777403669,4715737.45495942,0.8220209185642008
803707.1603091743,4715737.45495942,0.8109394184156644
803806.2428779816,4715737.45495942,0.7988744739007809
803905.3254467889,4715737.45495942,0.7857347722115361
804004.4080155963,4715737.45495942,0.7714377747610992
793303.4905844036,4715638.904234782,0.22003477524712803
793402.573153211,4715638.904234782,0.19457782659407577
793501.6557220183,4715638.904234782,0.20960555106034406
793600.7382908256,4715638.904234782,0.32058586388975707
793699.820859633,4715638.904234782,0.4243408197348078
793798.9034284403,4715638.904234782,0.4229635164189658
793897.9859972477,4715638.904234782,0.42371116389354596
793997.068566055,4715638.904234782,0.30654086214457016
794096.1511348623,4715638.904234782,0.2646998444414764
794195.2337036697,4715638.904234782,0.27841539077903144
794294.316272477,4715638.904234782,0.2976073676430609
794393.3988412843,4715638.904234782,0.2991700442287121
794492.4814100917,4715638.904234782,0.2946596186273588
794591.563978899,4715638.904234782,0.3006209026226383
794690.6465477064,4715638.904234782,0.31536806433959186
794789.7291165137,4715638.904234782,0.3295068687193838
794888.811685321,4715638.904234782,0.3379857885965546
794987.8942541284,4715638.904234782,0.3506050584274546
795086.9768229357,4715638.904234782,0.36471213620695386
795186.0593917432,4715638.904234782,0.37938683170528953
795285.1419605504,4715638.904234782,0.3946519838037515
795384.2245293577,4715638.904234782,0.4103408694812379
795483.3070981652,4715638.904234782,0.4266534467753915
795582.3896669724,4715638.904234782,0.4456753742402565
795681.4722357797,4715638.904234782,0.4683141569112459
795780.5548045872,4715638.904234782,0.4864779383329133
795879.6373733944,4715638.904234782,0.5589738917934236
795978.7199422019,4715638.904234782,0.6004044335705113
796077.8025110092,4715638.904234782,0.5629580794071051
796176.8850798164,4715638.904234782,0.5552171541914946
796275.9676486239,4715638.904234782,0.5776521348722806
796375.0502174312,4715638.904234782,0.5975649405807189
796474.1327862386,4715638.904234782,0.6176703774420849
796573.2153550459,4715638.904234782,0.6346850320417434
796672.2979238532,4715638.904234782,0.6753486487821247
796771.3804926606,4715638.904234782,0.6826006449081811
796870.4630614679,4715638.904234782,0.6926185398352267
796969.5456302752,4715638.904234782,0.7635985718817941
797068.6281990826,4715638.904234782,0.8403031386226592
797167.7107678899,4715638.904234782,0.9080851141603585
797266.7933366973,4715638.904234782,1.0283831492196072
797365.8759055046,4715638.904234782,1.1173506150576749
797464.9584743119,4715638.904234782,0.9790913913863271
797564.0410431193,4715638.904234782,0.820014222769484
797663.1236119266,4715638.904234782,0.8131182494014135
797762.206180734,4715638.904234782,0.8235863816149437
797861.2887495413,4715638.904234782,0.8333248102053817
797960.3713183486,4715638.904234782,0.9549545496501933
798059.453887156,4715638.904234782,1.0220727971869163
798158.5364559633,4715638.904234782,0.9459305017479203
798257.6190247706,4715638.904234782,0.8708213341538507
798356.701593578,4715638.904234782,0.8774788056244323
798455.7841623853,4715638.904234782,0.8836942317770189
798554.8667311927,4715638.904234782,1.2651644917219378
798653.9493,4715638.904234782,1.31130925636453
798753.0318688073,4715638.904234782,1.325427751778021
798852.1144376147,4715638.904234782,1.3813267522308346
798951.197006422,4715638.904234782,1.2213679239442854
799050.2795752294,4715638.904234782,1.2629742852132122
799149.3621440367,4715638.904234782,1.2146549559705866
799248.444712844,4715638.904234782,1.027968250808293
799347.5272816514,4715638.904234782,1.0683796365364886
799446.6098504587,4715638.904234782,1.0701963306093651
799545.692419266,4715638.904234782,1.0614942858612746
799644.7749880734,4715638.904234782,0.939500876400611
799743.8575568807,4715638.904234782,0.934047778924166
799842.9401256881,4715638.904234782,0.9363167881933342
799942.0226944954,4715638.904234782,0.9382968570725437
800041.1052633027,4715638.904234782,0.9364726925456381
800140.1878321101,4715638.904234782,0.9379855257357311
800239.2704009174,4715638.904234782,0.9462485466036271
800338.3529697248,4715638.904234782,0.9713332795198719
800437.4355385321,4715638.904234782,1.1436974732955032
800536.5181073394,4715638.904234782,1.39665537389205
800635.6006761468,4715638.904234782,1.42990017998345
800734.6832449541,4715638.904234782,1.367445453039124
800833.7658137614,4715638.904234782,1.1989427662918792
800932.8483825688,4715638.904234782,1.0113436631931332
801031.9309513761,4715638.904234782,0.9669316488068611
801131.0135201835,4715638.904234782,0.9582433970896158
801230.0960889908,4715638.904234782,0.9360011790001932
801329.1786577981,4715638.904234782,0.9342125164796817
801428.2612266055,4715638.904234782,0.9321427541719252
801527.3437954128,4715638.904234782,0.9297863981413074
801626.4263642202,4715638.904234782,0.929327821747178
801725.5089330275,4715638.904234782,0.9646935417530995
801824.5915018348,4715638.904234782,1.0356306583449855
801923.6740706422,4715638.904234782,1.1070505499862069
802022.7566394495,4715638.904234782,1.167725276958288
802121.8392082568,4715638.904234782,1.1637665437764224
802220.9217770642,4715638.904234782,0.9679845410567383
802320.0043458715,4715638.904234782,0.9021320053256361
802419.0869146789,4715638.904234782,0.9082092086146429
802518.1694834862,4715638.904234782,0.9720740457617367
802617.2520522935,4715638.904234782,1.0287925526577015
802716.3346211009,4715638.904234782,1.046400492399104
802815.4171899082,4715638.904234782,1.0308538373228089
802914.4997587156,4715638.904234782,1.14766340000938
803013.5823275229,4715638.904234782,1.129192992505532
803112.6648963302,4715638.904234782,1.0941102260046596
803211.7474651376,4715638.904234782,1.0803680236631958
803310.8300339449,4715638.904234782,0.8484611499538008
803409.9126027522,4715638.904234782,0.8304375540878145
803508.9951715596,4715638.904234782,0.8205982632672868
803608.0777403669,4715638.904234782,0.8099239286706661
803707.1603091743,4715638.904234782,0.7981485373249343
803806.2428779816,4715638.904234782,0.7853455441384315
803905.3254467889,4715638.904234782,0.7714377747610992
804004.4080155963,4715638.904234782,0.7564344542736211
793303.4905844036,4715540.353510144,0.23772405476722216
793402.573153211,4715540.353510144,0.18433920545594812
793501.6557220183,4715540.353510144,0.191112342362612
793600.7382908256,4715540.353510144,0.28592612799336276
793699.820859633,4715540.353510144,0.4219125212951723
793798.9034284403,4715540.353510144,0.48807051173029414
793897.9859972477,4715540.353510144,0.5289740605670488
793997.068566055,4715540.353510144,0.3480005878813439
794096.1511348623,4715540.353510144,0.31745820674064806
794195.2337036697,4715540.353510144,0.35586055731559646
794294.316272477,4715540.353510144,0.3806206426962627
794393.3988412843,4715540.353510144,0.3394963279415429
794492.4814100917,4715540.353510144,0.2951816706332315
794591.563978899,4715540.353510144,0.29656723633773735
794690.6465477064,4715540.353510144,0.30920866711251477
794789.7291165137,4715540.353510144,0.319632253243557
794888.811685321,4715540.353510144,0.33264744131737234
794987.8942541284,4715540.353510144,0.3422452283152674
795086.9768229357,4715540.353510144,0.3560159368074941
795186.0593917432,4715540.353510144,0.37016889577174655
795285.1419605504,4715540.353510144,0.38488448754743804
795384.2245293577,4715540.353510144,0.4001850788835566
795483.3070981652,4715540.353510144,0.41686329601727906
795582.3896669724,4715540.353510144,0.43875001563305654
795681.4722357797,4715540.353510144,0.4611009448054928
795780.5548045872,4715540.353510144,0.5227030909234712
795879.6373733944,4715540.353510144,0.5816264719187206
795978.7199422019,4715540.353510144,0.6038331697856945
796077.8025110092,4715540.353510144,0.6192944893994818
796176.8850798164,4715540.353510144,0.5409181274992513
796275.9676486239,4715540.353510144,0.5594463779259756
796375.0502174312,4715540.353510144,0.5858835202665889
796474.1327862386,4715540.353510144,0.608126115109637
796573.2153550459,4715540.353510144,0.628227078396234
796672.2979238532,4715540.353510144,0.6403418620566188
796771.3804926606,4715540.353510144,0.6568213073344962
796870.4630614679,4715540.353510144,0.7170338658811046
796969.5456302752,4715540.353510144,0.8652788439907743
797068.6281990826,4715540.353510144,0.9597634201796735
797167.7107678899,4715540.353510144,0.9834115319905259
797266.7933366973,4715540.353510144,0.8435596746669474
797365.8759055046,4715540.353510144,0.8190962739075772
797464.9584743119,4715540.353510144,0.8000578803773322
797564.0410431193,4715540.353510144,0.8014060682668473
797663.1236119266,4715540.353510144,0.7999578293561495
797762.206180734,4715540.353510144,0.8111080578155552
797861.2887495413,4715540.353510144,0.9158521851760774
797960.3713183486,4715540.353510144,1.0039468380473289
798059.453887156,4715540.353510144,1.0142210193512544
798158.5364559633,4715540.353510144,1.0292075665688678
798257.6190247706,4715540.353510144,0.8887590058125606
798356.701593578,4715540.353510144,0.8675757397777273
798455.7841623853,4715540.353510144,0.8747102561172522
798554.8667311927,4715540.353510144,1.22063362629236
798653.9493,4715540.353510144,1.2686211654316308
798753.0318688073,4715540.353510144,1.274284503659316
798852.1144376147,4715540.353510144,1.2438570499053263
798951.197006422,4715540.353510144,0.964710342346108
799050.2795752294,4715540.353510144,0.9820117933712407
799149.3621440367,4715540.353510144,0.9153640479297248
799248.444712844,4715540.353510144,1.0159590890537877
799347.5272816514,4715540.353510144,1.088736842772965
799446.6098504587,4715540.353510144,1.0810010341443397
799545.692419266,4715540.353510144,1.0457947193639483
799644.7749880734,4715540.353510144,0.9353455013474207
799743.8575568807,4715540.353510144,0.9296480620916213
799842.9401256881,4715540.353510144,0.927011045368238
799942.0226944954,4715540.353510144,0.9255276538909006
800041.1052633027,4715540.353510144,0.9271395032613482
800140.1878321101,4715540.353510144,0.9360102580034549
800239.2704009174,4715540.353510144,0.9436364606415912
800338.3529697248,4715540.353510144,0.9455552573636457
800437.4355385321,4715540.353510144,0.9864049220375806
800536.5181073394,4715540.353510144,1.1409041595601
800635.6006761468,4715540.353510144,1.378808148023088
800734.6832449541,4715540.353510144,1.4600884144824713
800833.7658137614,4715540.353510144,1.34214435200987
800932.8483825688,4715540.353510144,1.1286752790076962
801031.9309513761,4715540.353510144,0.9904603592393731
801131.0135201835,4715540.353510144,0.9636771317297447
801230.0960889908,4715540.353510144,0.9481107508012578
801329.1786577981,4715540.353510144,0.9277986850734001
801428.2612266055,4715540.353510144,0.9257936848506455
801527.3437954128,4715540.353510144,0.9254131241733276
801626.4263642202,4715540.353510144,0.9199809249885704
801725.5089330275,4715540.353510144,0.9328566555233928
801824.5915018348,4715540.353510144,0.9831058810725724
801923.6740706422,4715540.353510144,1.0423865664816627
802022.7566394495,4715540.353510144,1.0584622595753164
802121.8392082568,4715540.353510144,0.9313693666940962
802220.9217770642,4715540.353510144,0.897354380420863
802320.0043458715,4715540.353510144,0.8929109548608821
802419.0869146789,4715540.353510144,0.8888147829237142
802518.1694834862,4715540.353510144,0.941020354698257
802617.2520522935,4715540.353510144,0.9932775005153446
802716.3346211009,4715540.353510144,1.0338054880469318
802815.4171899082,4715540.353510144,0.996123375503635
802914.4997587156,4715540.353510144,0.9323214070300866
803013.5823275229,4715540.353510144,1.062837379505875
803112.6648963302,4715540.353510144,1.0647498026857714
803211.7474651376,4715540.353510144,0.9454994448193265
803310.8300339449,4715540.353510144,0.8281883662269212
803409.9126027522,4715540.353510144,0.8185200341798841
803508.9951715596,4715540.353510144,0.808045832559212
803608.0777403669,4715540.353510144,0.7965043027030252
803707.1603091743,4715540.353510144,0.783977097336832
803806.2428779816,4715540.353510144,0.7706035724222039
803905.3254467889,4715540.353510144,0.7557731966706224
804004.4080155963,4715540.353510144,0.7401929768261953
793303.4905844036,4715441.8027855065,0.20751332423401772
793402.573153211,4715441.8027855065,0.17565476191260818
793501.6557220183,4715441.8027855065,0.18214881697796273
793600.7382908256,4715441.8027855065,0.22232559494693563
793699.820859633,4715441.8027855065,0.36733841595928557
793798.9034284403,4715441.8027855065,0.4535455837320137
793897.9859972477,4715441.8027855065,0.46969319809919435
793997.068566055,4715441.8027855065,0.3942566417527534
794096.1511348623,4715441.8027855065,0.4201850647909467
794195.2337036697,4715441.8027855065,0.49183501231523147
794294.316272477,4715441.8027855065,0.45353624456594827
794393.3988412843,4715441.8027855065,0.4491327089330117
794492.4814100917,4715441.8027855065,0.30475174354444906
794591.563978899,4715441.8027855065,0.2882042482123971
794690.6465477064,4715441.8027855065,0.2999397112518628
794789.7291165137,4715441.8027855065,0.31201093897194043
794888.811685321,4715441.8027855065,0.3245651291592509
794987.8942541284,4715441.8027855065,0.333929719382089
795086.9768229357,4715441.8027855065,0.3472046689749091
795186.0593917432,4715441.8027855065,0.3610073472377527
795285.1419605504,4715441.8027855065,0.37518457210053774
795384.2245293577,4715441.8027855065,0.3907254489892428
795483.3070981652,4715441.8027855065,0.4180310914547476
795582.3896669724,4715441.8027855065,0.4563638774569793
795681.4722357797,4715441.8027855065,0.4737918228634461
795780.5548045872,4715441.8027855065,0.5498215272891873
795879.6373733944,4715441.8027855065,0.5659237076455162
795978.7199422019,4715441.8027855065,0.5806027379694353
796077.8025110092,4715441.8027855065,0.6021866892166662
796176.8850798164,4715441.8027855065,0.5427607586633719
796275.9676486239,4715441.8027855065,0.5438623460984126
796375.0502174312,4715441.8027855065,0.5718308583154758
796474.1327862386,4715441.8027855065,0.5915462125851889
796573.2153550459,4715441.8027855065,0.6109893532531305
796672.2979238532,4715441.8027855065,0.6303214222847322
796771.3804926606,4715441.8027855065,0.639325584882287
796870.4630614679,4715441.8027855065,0.7254760636921502
796969.5456302752,4715441.8027855065,0.9123254001362989
797068.6281990826,4715441.8027855065,0.9361071944765675
797167.7107678899,4715441.8027855065,0.9594341856447668
797266.7933366973,4715441.8027855065,0.9029245234979507
797365.8759055046,4715441.8027855065,0.7678992975560116
797464.9584743119,4715441.8027855065,0.7758950946595906
797564.0410431193,4715441.8027855065,0.7759958403937709
797663.1236119266,4715441.8027855065,0.7857347722115361
797762.206180734,4715441.8027855065,0.7976021356984091
797861.2887495413,4715441.8027855065,0.9185867915922251
797960.3713183486,4715441.8027855065,0.9890083971504586
798059.453887156,4715441.8027855065,1.0001420534762144
798158.5364559633,4715441.8027855065,1.010286572309972
798257.6190247706,4715441.8027855065,0.8911430239416589
798356.701593578,4715441.8027855065,0.8566513462653222
798455.7841623853,4715441.8027855065,0.8646499975874414
798554.8667311927,4715441.8027855065,1.000981131281644
798653.9493,4715441.8027855065,1.174779980462624
798753.0318688073,4715441.8027855065,1.2163490301986521
798852.1144376147,4715441.8027855065,1.0806150890417254
798951.197006422,4715441.8027855065,0.964756890628149
799050.2795752294,4715441.8027855065,0.8909386163201852
799149.3621440367,4715441.8027855065,0.9139536347457253
799248.444712844,4715441.8027855065,0.9318061801249573
799347.5272816514,4715441.8027855065,1.0408543748524692
799446.6098504587,4715441.8027855065,1.0440922322285409
799545.692419266,4715441.8027855065,1.0118670766527427
799644.7749880734,4715441.8027855065,0.9349511684695399
799743.8575568807,4715441.8027855065,0.9167319080282161
799842.9401256881,4715441.8027855065,0.9165464198446613
799942.0226944954,4715441.8027855065,0.9160446835962074
800041.1052633027,4715441.8027855065,0.9244436198064717
800140.1878321101,4715441.8027855065,0.9258007175351614
800239.2704009174,4715441.8027855065,0.9339906396226085
800338.3529697248,4715441.8027855065,0.9408472664033207
800437.4355385321,4715441.8027855065,0.9684793702434132
800536.5181073394,4715441.8027855065,1.0239877093516743
800635.6006761468,4715441.8027855065,1.3585416270845776
800734.6832449541,4715441.8027855065,1.4462624646909965
800833.7658137614,4715441.8027855065,1.3433908085031385
800932.8483825688,4715441.8027855065,1.2643941731884232
801031.9309513761,4715441.8027855065,1.0720900051578166
801131.0135201835,4715441.8027855065,1.144602052290984
801230.0960889908,4715441.8027855065,1.0740205586379166
801329.1786577981,4715441.8027855065,0.9352903841770656
801428.2612266055,4715441.8027855065,0.9163260942985301
801527.3437954128,4715441.8027855065,0.9159724266852557
801626.4263642202,4715441.8027855065,0.9106049081087894
801725.5089330275,4715441.8027855065,0.915886348625673
801824.5915018348,4715441.8027855065,0.9323889537377031
801923.6740706422,4715441.8027855065,0.9423925405470239
802022.7566394495,4715441.8027855065,0.9332320948672826
802121.8392082568,4715441.8027855065,0.9166205361658923
802220.9217770642,4715441.8027855065,0.8934257692444398
802320.0043458715,4715441.8027855065,0.883361550784041
802419.0869146789,4715441.8027855065,0.8785584207144227
802518.1694834862,4715441.8027855065,0.8734319829115819
802617.2520522935,4715441.8027855065,0.8894132480617581
802716.3346211009,4715441.8027855065,0.8770734478983521
802815.4171899082,4715441.8027855065,0.8771117186285761
802914.4997587156,4715441.8027855065,0.8571531178875871
803013.5823275229,4715441.8027855065,0.8417471074135282
803112.6648963302,4715441.8027855065,0.8379184457311497
803211.7474651376,4715441.8027855065,0.8249817218422747
803310.8300339449,4715441.8027855065,0.8155963333400397
803409.9126027522,4715441.8027855065,0.805275839633444
803508.9951715596,4715441.8027855065,0.7941025248014125
803608.0777403669,4715441.8027855065,0.7820055173087495
803707.1603091743,4715441.8027855065,0.7687159542727359
803806.2428779816,4715441.8027855065,0.7544464403079242
803905.3254467889,4715441.8027855065,0.7392692825147759
804004.4080155963,4715441.8027855065,0.7232635563823383
793303.4905844036,4715343.252060869,0.16986264332133888
793402.573153211,4715343.252060869,0.17108685709376137
793501.6557220183,4715343.252060869,0.17830145998868946
793600.7382908256,4715343.252060869,0.1931094497540955
793699.820859633,4715343.252060869,0.25931781182789443
793798.9034284403,4715343.252060869,0.3011136762840199
793897.9859972477,4715343.252060869,0.3791536096394275
793997.068566055,4715343.252060869,0.4058276294835892
794096.1511348623,4715343.252060869,0.4762602246277782
794195.2337036697,4715343.252060869,0.5408206858028464
794294.316272477,4715343.252060869,0.4667010147616168
794393.3988412843,4715343.252060869,0.42874284208413355
794492.4814100917,4715343.252060869,0.30704215204271024
794591.563978899,4715343.252060869,0.27825603551481676
794690.6465477064,4715343.252060869,0.29265209657682806
794789.7291165137,4715343.252060869,0.3044300305016102
794888.811685321,4715343.252060869,0.31667919238753006
794987.8942541284,4715343.252060869,0.3255139734946674
795086.9768229357,4715343.252060869,0.33845436585594996
795186.0593917432,4715343.252060869,0.3517459060067226
795285.1419605504,4715343.252060869,0.36555942210874925
795384.2245293577,4715343.252060869,0.3816974399502198
795483.3070981652,4715343.252060869,0.42878452669221034
795582.3896669724,4715343.252060869,0.4526193986517492
795681.4722357797,4715343.252060869,0.4685202621307712
795780.5548045872,4715343.252060869,0.49341488384733545
795879.6373733944,4715343.252060869,0.5476057674601263
795978.7199422019,4715343.252060869,0.564149635724577
796077.8025110092,4715343.252060869,0.5730294504727727
796176.8850798164,4715343.252060869,0.5100135453559025
796275.9676486239,4715343.252060869,0.5283026259460439
796375.0502174312,4715343.252060869,0.555442545604527
796474.1327862386,4715343.252060869,0.5928957904529215
796573.2153550459,4715343.252060869,0.612457438857473
796672.2979238532,4715343.252060869,0.6304816890714137
796771.3804926606,4715343.252060869,0.6215358166686015
796870.4630614679,4715343.252060869,0.6540082293381545
796969.5456302752,4715343.252060869,0.887883303535595
797068.6281990826,4715343.252060869,0.9119830582332255
797167.7107678899,4715343.252060869,0.9335697105704376
797266.7933366973,4715343.252060869,0.8292440662964429
797365.8759055046,4715343.252060869,0.7297178508582252
797464.9584743119,4715343.252060869,0.7449842515185064
797564.0410431193,4715343.252060869,0.7592324195574146
797663.1236119266,4715343.252060869,0.7699759990006088
797762.206180734,4715343.252060869,0.7825990546317289
797861.2887495413,4715343.252060869,0.8074021717547537
797960.3713183486,4715343.252060869,0.972273546183713
798059.453887156,4715343.252060869,0.9844827715748505
798158.5364559633,4715343.252060869,0.9552575849422317
798257.6190247706,4715343.252060869,0.8320694781462133
798356.701593578,4715343.252060869,0.8451609895684152
798455.7841623853,4715343.252060869,0.8559279719882359
798554.8667311927,4715343.252060869,0.8625041786533211
798653.9493,4715343.252060869,0.8854790084522709
798753.0318688073,4715343.252060869,1.0436974768207132
798852.1144376147,4715343.252060869,1.101116081837258
798951.197006422,4715343.252060869,1.1042749399491574
799050.2795752294,4715343.252060869,1.027380881459054
799149.3621440367,4715343.252060869,0.9038629784974126
799248.444712844,4715343.252060869,0.9144825965937826
799347.5272816514,4715343.252060869,0.9771698537830219
799446.6098504587,4715343.252060869,1.0056478351501013
799545.692419266,4715343.252060869,1.0187696868313747
799644.7749880734,4715343.252060869,0.9905874608448806
799743.8575568807,4715343.252060869,0.9415367335436976
799842.9401256881,4715343.252060869,0.9148068926469155
799942.0226944954,4715343.252060869,0.908010690368335
800041.1052633027,4715343.252060869,0.9147130651110658
800140.1878321101,4715343.252060869,0.9253000716517802
800239.2704009174,4715343.252060869,0.9265006028418048
800338.3529697248,4715343.252060869,0.9304103835083237
800437.4355385321,4715343.252060869,0.9411321299128274
800536.5181073394,4715343.252060869,0.9771175089711605
800635.6006761468,4715343.252060869,1.1720793047524138
800734.6832449541,4715343.252060869,1.2781133530738924
800833.7658137614,4715343.252060869,1.2788853604221504
800932.8483825688,4715343.252060869,1.3152360317643197
801031.9309513761,4715343.252060869,1.360279089349216
801131.0135201835,4715343.252060869,1.4375570553041397
801230.0960889908,4715343.252060869,1.3741176678938294
801329.1786577981,4715343.252060869,1.1448690447317804
801428.2612266055,4715343.252060869,0.9093992844813774
801527.3437954128,4715343.252060869,0.9062769844354767
801626.4263642202,4715343.252060869,0.9018823446761337
801725.5089330275,4715343.252060869,0.8996921858393432
801824.5915018348,4715343.252060869,0.9129134570310427
801923.6740706422,4715343.252060869,0.9216384883011413
802022.7566394495,4715343.252060869,0.9178993223647283
802121.8392082568,4715343.252060869,0.903991658958048
802220.9217770642,4715343.252060869,0.8798640904412093
802320.0043458715,4715343.252060869,0.8733191925280208
802419.0869146789,4715343.252060869,0.8684066083048542
802518.1694834862,4715343.252060869,0.8631174496076497
802617.2520522935,4715343.252060869,0.8575276735038594
802716.3346211009,4715343.252060869,0.8513399246276115
802815.4171899082,4715343.252060869,0.8447460730459179
802914.4997587156,4715343.252060869,0.8375549197164609
803013.5823275229,4715343.252060869,0.829691590939413
803112.6648963302,4715343.252060869,0.8212321714135793
803211.7474651376,4715343.252060869,0.8119486559763899
803310.8300339449,4715343.252060869,0.8019267861867667
803409.9126027522,4715343.252060869,0.790913521418332
803508.9951715596,4715343.252060869,0.779011177960079
803608.0777403669,4715343.252060869,0.7661765542196359
803707.1603091743,4715343.252060869,0.7522227977734367
803806.2428779816,4715343.252060869,0.7374156181435818
803905.3254467889,4715343.252060869,0.7218258180439232
804004.4080155963,4715343.252060869,0.7055295504731207
793303.4905844036,4715244.701336231,0.1636002603476711
793402.573153211,4715244.701336231,0.16747315140885394
793501.6557220183,4715244.701336231,0.17453536707816036
793600.7382908256,4715244.701336231,0.18283108125784556
793699.820859633,4715244.701336231,0.20303444255472547
793798.9034284403,4715244.701336231,0.2537526344588792
793897.9859972477,4715244.701336231,0.30108740155202185
793997.068566055,4715244.701336231,0.32924269088241104
794096.1511348623,4715244.701336231,0.3859416610178886
794195.2337036697,4715244.701336231,0.48748253625501586
794294.316272477,4715244.701336231,0.4400516981334415
794393.3988412843,4715244.701336231,0.3647855727401482
794492.4814100917,4715244.701336231,0.2755351777991324
794591.563978899,4715244.701336231,0.27162129614445013
794690.6465477064,4715244.701336231,0.28241925393426925
794789.7291165137,4715244.701336231,0.29364647074790495
794888.811685321,4715244.701336231,0.30532001122972147
794987.8942541284,4715244.701336231,0.31731032247250657
795086.9768229357,4715244.701336231,0.32977150872645833
795186.0593917432,4715244.701336231,0.34256304357525025
795285.1419605504,4715244.701336231,0.3558507503474883
795384.2245293577,4715244.701336231,0.37263829156295336
795483.3070981652,4715244.701336231,0.416890759597549
795582.3896669724,4715244.701336231,0.4475630495950517
795681.4722357797,4715244.701336231,0.46473798081590423
795780.5548045872,4715244.701336231,0.46411270323533405
795879.6373733944,4715244.701336231,0.4466537468498027
795978.7199422019,4715244.701336231,0.4740503646024139
796077.8025110092,4715244.701336231,0.4778077047479473
796176.8850798164,4715244.701336231,0.4951594634380839
796275.9676486239,4715244.701336231,0.5125812505666514
796375.0502174312,4715244.701336231,0.5376970671145089
796474.1327862386,4715244.701336231,0.575402780950876
796573.2153550459,4715244.701336231,0.5939672411455934
796672.2979238532,4715244.701336231,0.6039878305761638
796771.3804926606,4715244.701336231,0.613547287625155
796870.4630614679,4715244.701336231,0.62253706007991
796969.5456302752,4715244.701336231,0.6997258399564781
797068.6281990826,4715244.701336231,0.791790649187585
797167.7107678899,4715244.701336231,0.793317691577983
797266.7933366973,4715244.701336231,0.7030835131391042
797365.8759055046,4715244.701336231,0.7117206928805891
797464.9584743119,4715244.701336231,0.7275458525373281
797564.0410431193,4715244.701336231,0.7424445233515985
797663.1236119266,4715244.701336231,0.7531140946262752
797762.206180734,4715244.701336231,0.766389142733534
797861.2887495413,4715244.701336231,0.7786085711425814
797960.3713183486,4715244.701336231,0.7901551598041262
798059.453887156,4715244.701336231,0.8008817473303308
798158.5364559633,4715244.701336231,0.8102631223099374
798257.6190247706,4715244.701336231,0.8191624412731524
798356.701593578,4715244.701336231,0.8340992360924862
798455.7841623853,4715244.701336231,0.8437329537561536
798554.8667311927,4715244.701336231,0.8507257346231117
798653.9493,4715244.701336231,0.8868681529717083
798753.0318688073,4715244.701336231,1.078122659095433
798852.1144376147,4715244.701336231,1.0876288519282316
798951.197006422,4715244.701336231,1.093879971555926
799050.2795752294,4715244.701336231,1.0508177033437387
799149.3621440367,4715244.701336231,0.906512153353406
799248.444712844,4715244.701336231,0.9096197531156184
799347.5272816514,4715244.701336231,0.9582030508636578
799446.6098504587,4715244.701336231,0.9875635524977482
799545.692419266,4715244.701336231,1.0050550778141352
799644.7749880734,4715244.701336231,1.0268365250808233
799743.8575568807,4715244.701336231,0.9795498435547728
799842.9401256881,4715244.701336231,0.944881459664903
799942.0226944954,4715244.701336231,0.9155405401877538
800041.1052633027,4715244.701336231,0.9076149695910869
800140.1878321101,4715244.701336231,0.9229576537214456
800239.2704009174,4715244.701336231,0.9202905627615219
800338.3529697248,4715244.701336231,0.9195047087726375
800437.4355385321,4715244.701336231,0.9300508242314476
800536.5181073394,4715244.701336231,0.9497771140599964
800635.6006761468,4715244.701336231,1.0703566834134493
800734.6832449541,4715244.701336231,1.1723469265879038
800833.7658137614,4715244.701336231,1.1649403200423751
800932.8483825688,4715244.701336231,1.2622282072416147
801031.9309513761,4715244.701336231,1.375249876683367
801131.0135201835,4715244.701336231,1.3991498174688868
801230.0960889908,4715244.701336231,1.3659274922575309
801329.1786577981,4715244.701336231,1.2009598413725942
801428.2612266055,4715244.701336231,0.9342710675543404
801527.3437954128,4715244.701336231,0.894396394962944
801626.4263642202,4715244.701336231,0.8890277169023912
801725.5089330275,4715244.701336231,0.8861569458618616
801824.5915018348,4715244.701336231,0.8850595484568028
801923.6740706422,4715244.701336231,0.9058903888220058
802022.7566394495,4715244.701336231,0.8982501035610017
802121.8392082568,4715244.701336231,0.8838688266664884
802220.9217770642,4715244.701336231,0.8674781068987766
802320.0043458715,4715244.701336231,0.8627588293788134
802419.0869146789,4715244.701336231,0.8576513456790185
802518.1694834862,4715244.701336231,0.8521115688265122
802617.2520522935,4715244.701336231,0.8462225852722971
802716.3346211009,4715244.701336231,0.8396661566026137
802815.4171899082,4715244.701336231,0.8326531740763652
802914.4997587156,4715244.701336231,0.8249817218422747
803013.5823275229,4715244.701336231,0.8165769133071028
803112.6648963302,4715244.701336231,0.8075299245917453
803211.7474651376,4715244.701336231,0.7976021356984091
803310.8300339449,4715244.701336231,0.7868977865720138
803409.9126027522,4715244.701336231,0.7751548329301444
803508.9951715596,4715244.701336231,0.7625360622069521
803608.0777403669,4715244.701336231,0.7488590169010182
803707.1603091743,4715244.701336231,0.7346197704348135
803806.2428779816,4715244.701336231,0.7194211770832201
803905.3254467889,4715244.701336231,0.7035567841095
804004.4080155963,4715244.701336231,0.687099206932526
793303.4905844036,4715146.150611593,0.15778161009136246
793402.573153211,4715146.150611593,0.1638597106802905
793501.6557220183,4715146.150611593,0.17069031559262832
793600.7382908256,4715146.150611593,0.17780565897589187
793699.820859633,4715146.150611593,0.18513167194548755
793798.9034284403,4715146.150611593,0.19275953394698056
793897.9859972477,4715146.150611593,0.21658578918510676
793997.068566055,4715146.150611593,0.2781369664344089
794096.1511348623,4715146.150611593,0.30145820098217485
794195.2337036697,4715146.150611593,0.3345193086198841
794294.316272477,4715146.150611593,0.31621696024193646
794393.3988412843,4715146.150611593,0.2696815834232316
794492.4814100917,4715146.150611593,0.2590157012646641
794591.563978899,4715146.150611593,0.26489876565656745
794690.6465477064,4715146.150611593,0.275429477830966
794789.7291165137,4715146.150611593,0.28624594921562446
794888.811685321,4715146.150611593,0.29748719740391194
794987.8942541284,4715146.150611593,0.309169903929598
795086.9768229357,4715146.150611593,0.3211623213933825
795186.0593917432,4715146.150611593,0.33361991374902444
795285.1419605504,4715146.150611593,0.3498167143712604
795384.2245293577,4715146.150611593,0.36701485313929205
795483.3070981652,4715146.150611593,0.39540207408616257
795582.3896669724,4715146.150611593,0.4269185074045785
795681.4722357797,4715146.150611593,0.4430920072693802
795780.5548045872,4715146.150611593,0.43535555527745595
795879.6373733944,4715146.150611593,0.43183282008969803
795978.7199422019,4715146.150611593,0.4475435030426925
796077.8025110092,4715146.150611593,0.46382576265074826
796176.8850798164,4715146.150611593,0.48025180650004734
796275.9676486239,4715146.150611593,0.49722375878372943
796375.0502174312,4715146.150611593,0.5177529308160482
796474.1327862386,4715146.150611593,0.5490681532784958
796573.2153550459,4715146.150611593,0.5674871302312001
796672.2979238532,4715146.150611593,0.589551162134646
796771.3804926606,4715146.150611593,0.5925714681483002
796870.4630614679,4715146.150611593,0.6074613429219119
796969.5456302752,4715146.150611593,0.6219858623442338
797068.6281990826,4715146.150611593,0.6388100649844538
797167.7107678899,4715146.150611593,0.656051318287847
797266.7933366973,4715146.150611593,0.6747675074457855
797365.8759055046,4715146.150611593,0.6927552212724261
797464.9584743119,4715146.150611593,0.7087560508388874
797564.0410431193,4715146.150611593,0.7239314439195693
797663.1236119266,4715146.150611593,0.7350870032363801
797762.206180734,4715146.150611593,0.7488590169010182
797861.2887495413,4715146.150611593,0.7616723186080271
797960.3713183486,4715146.150611593,0.7737165478888012
798059.453887156,4715146.150611593,0.7849555361097751
798158.5364559633,4715146.150611593,0.7953997367591
798257.6190247706,4715146.150611593,0.8047513750928095
798356.701593578,4715146.150611593,0.8136169301852114
798455.7841623853,4715146.150611593,0.8263878972206284
798554.8667311927,4715146.150611593,0.8330543489272563
798653.9493,4715146.150611593,0.8456301783955384
798753.0318688073,4715146.150611593,1.028356650269807
798852.1144376147,4715146.150611593,1.0729888958756553
798951.197006422,4715146.150611593,1.0857696033531277
799050.2795752294,4715146.150611593,0.9811084467967104
799149.3621440367,4715146.150611593,0.8728935360918358
799248.444712844,4715146.150611593,0.876974263557861
799347.5272816514,4715146.150611593,0.8883075604041987
799446.6098504587,4715146.150611593,0.9603488343978068
799545.692419266,4715146.150611593,0.9957557273164354
799644.7749880734,4715146.150611593,1.0272152257992624
799743.8575568807,4715146.150611593,0.993966090571726
799842.9401256881,4715146.150611593,0.9467989958027079
799942.0226944954,4715146.150611593,0.9314623651175935
800041.1052633027,4715146.150611593,0.9000217325709348
800140.1878321101,4715146.150611593,0.9058615665636307
800239.2704009174,4715146.150611593,0.9090001429824419
800338.3529697248,4715146.150611593,0.9114371079761328
800437.4355385321,4715146.150611593,0.9206069156355687
800536.5181073394,4715146.150611593,0.9164207128253102
800635.6006761468,4715146.150611593,0.9439751693334144
800734.6832449541,4715146.150611593,0.9880980153358562
800833.7658137614,4715146.150611593,1.0212657136574135
800932.8483825688,4715146.150611593,1.0394460189256898
801031.9309513761,4715146.150611593,1.260204438676632
801131.0135201835,4715146.150611593,1.3569585457610753
801230.0960889908,4715146.150611593,1.3282030943506744
801329.1786577981,4715146.150611593,1.097502256641881
801428.2612266055,4715146.150611593,0.8934613560818564
801527.3437954128,4715146.150611593,0.8811898421711478
801626.4263642202,4715146.150611593,0.8785584207144227
801725.5089330275,4715146.150611593,0.8756752187400516
801824.5915018348,4715146.150611593,0.87252790593345
801923.6740706422,4715146.150611593,0.8689844869385981
802022.7566394495,4715146.150611593,0.8651349929995698
802121.8392082568,4715146.150611593,0.860953663841386
802220.9217770642,4715146.150611593,0.8564100888872512
802320.0043458715,4715146.150611593,0.8514688130350971
802419.0869146789,4715146.150611593,0.8460889765373667
802518.1694834862,4715146.150611593,0.8402240050809924
802617.2520522935,4715146.150611593,0.8338213693057778
802716.3346211009,4715146.150611593,0.8268224365260931
802815.4171899082,4715146.150611593,0.8193226317413531
802914.4997587156,4715146.150611593,0.8111080578155552
803013.5823275229,4715146.150611593,0.8021046844728302
803112.6648963302,4715146.150611593,0.7924210730635012
803211.7474651376,4715146.150611593,0.7818072776675989
803310.8300339449,4715146.150611593,0.7703945636770136
803409.9126027522,4715146.150611593,0.7579718227624543
803508.9951715596,4715146.150611593,0.7447791627759769
803608.0777403669,4715146.150611593,0.7308642601261649
803707.1603091743,4715146.150611593,0.716037584920245
803806.2428779816,4715146.150611593,0.7005879923097221
803905.3254467889,4715146.150611593,0.6845806117860633
804004.4080155963,4715146.150611593,0.6680840747772101
793303.4905844036,4715047.599886956,0.15390845446982968
793402.573153211,4715047.599886956,0.1603242344122236
793501.6557220183,4715047.599886956,0.16692997141411514
793600.7382908256,4715047.599886956,0.1738078803773969
793699.820859633,4715047.599886956,0.1809691754294954
793798.9034284403,4715047.599886956,0.18842553274640225
793897.9859972477,4715047.599886956,0.19690987793798642
793997.068566055,4715047.599886956,0.22694376939042588
794096.1511348623,4715047.599886956,0.25380346715668556
794195.2337036697,4715047.599886956,0.25494282793833567
794294.316272477,4715047.599886956,0.2415232837514963
794393.3988412843,4715047.599886956,0.2422211255987069
794492.4814100917,4715047.599886956,0.25092218443878245
794591.563978899,4715047.599886956,0.25822274801493766
794690.6465477064,4715047.599886956,0.26848806363272903
794789.7291165137,4715047.599886956,0.2790319367151423
794888.811685321,4715047.599886956,0.2898553300282926
794987.8942541284,4715047.599886956,0.30109855285697407
795086.9768229357,4715047.599886956,0.3126327653980546
795186.0593917432,4715047.599886956,0.32460882017876247
795285.1419605504,4715047.599886956,0.34209556833044513
795384.2245293577,4715047.599886956,0.35503544966951345
795483.3070981652,4715047.599886956,0.38075359555114274
795582.3896669724,4715047.599886956,0.3972096265550048
795681.4722357797,4715047.599886956,0.4048065289657919
795780.5548045872,4715047.599886956,0.412666186308184
795879.6373733944,4715047.599886956,0.42024126204664847
795978.7199422019,4715047.599886956,0.4344460374467025
796077.8025110092,4715047.599886956,0.4498340686575451
796176.8850798164,4715047.599886956,0.46576714225370636
796275.9676486239,4715047.599886956,0.48487761464025836
796375.0502174312,4715047.599886956,0.5067648788169097
796474.1327862386,4715047.599886956,0.533807157477169
796573.2153550459,4715047.599886956,0.5498175050912678
796672.2979238532,4715047.599886956,0.5659768806696358
796771.3804926606,4715047.599886956,0.6067350429418271
796870.4630614679,4715047.599886956,0.6041145298836508
796969.5456302752,4715047.599886956,0.6064288055103038
797068.6281990826,4715047.599886956,0.6197321498176697
797167.7107678899,4715047.599886956,0.6367477159074448
797266.7933366973,4715047.599886956,0.6534831161519474
797365.8759055046,4715047.599886956,0.6760318767891592
797464.9584743119,4715047.599886956,0.6921497022562684
797564.0410431193,4715047.599886956,0.7075328563344532
797663.1236119266,4715047.599886956,0.716037584920245
797762.206180734,4715047.599886956,0.7301566785970403
797861.2887495413,4715047.599886956,0.7434090465231281
797960.3713183486,4715047.599886956,0.7562141931249657
798059.453887156,4715047.599886956,0.7680835030450842
798158.5364559633,4715047.599886956,0.779011177960079
798257.6190247706,4715047.599886956,0.7892028914855892
798356.701593578,4715047.599886956,0.800238320907569
798455.7841623853,4715047.599886956,0.8089289061332731
798554.8667311927,4715047.599886956,0.8168646833858642
798653.9493,4715047.599886956,0.8511939280236654
798753.0318688073,4715047.599886956,0.8879067496346278
798852.1144376147,4715047.599886956,0.8970981314119554
798951.197006422,4715047.599886956,0.9116498882096986
799050.2795752294,4715047.599886956,0.8574860445399578
799149.3621440367,4715047.599886956,0.8610341087318313
799248.444712844,4715047.599886956,0.8654388208642814
799347.5272816514,4715047.599886956,0.864496512635393
799446.6098504587,4715047.599886956,0.9143470667141133
799545.692419266,4715047.599886956,0.9794330473073368
799644.7749880734,4715047.599886956,1.0266451527493865
799743.8575568807,4715047.599886956,0.9928466187962408
799842.9401256881,4715047.599886956,0.925220096436877
799942.0226944954,4715047.599886956,0.9097731368637918
800041.1052633027,4715047.599886956,0.8849838084652901
800140.1878321101,4715047.599886956,0.886099280110971
800239.2704009174,4715047.599886956,0.8980413231533411
800338.3529697248,4715047.599886956,0.8989741490844217
800437.4355385321,4715047.599886956,0.905911804724082
800536.5181073394,4715047.599886956,0.9531528923815039
800635.6006761468,4715047.599886956,0.9461067833884631
800734.6832449541,4715047.599886956,1.0470404487528324
800833.7658137614,4715047.599886956,1.1561888070297486
800932.8483825688,4715047.599886956,1.154534322527065
801031.9309513761,4715047.599886956,1.0719705244221798
801131.0135201835,4715047.599886956,1.0416145797736842
801230.0960889908,4715047.599886956,1.0128745865536302
801329.1786577981,4715047.599886956,0.896071057169742
801428.2612266055,4715047.599886956,0.872754303975904
801527.3437954128,4715047.599886956,0.8703640001300116
801626.4263642202,4715047.599886956,0.8677106880801331
801725.5089330275,4715047.599886956,0.8646624766738088
801824.5915018348,4715047.599886956,0.8613163305402619
801923.6740706422,4715047.599886956,0.8576513456790185
802022.7566394495,4715047.599886956,0.8536428755897284
802121.8392082568,4715047.599886956,0.8492621638097497
802220.9217770642,4715047.599886956,0.844340762819674
802320.0043458715,4715047.599886956,0.8391061543722445
802419.0869146789,4715047.599886956,0.8333843829456182
802518.1694834862,4715047.599886956,0.8271270515087721
802617.2520522935,4715047.599886956,0.8202803346657576
802716.3346211009,4715047.599886956,0.8127849392171652
802815.4171899082,4715047.599886956,0.8047513750928095
802914.4997587156,4715047.599886956,0.7957686754674141
803013.5823275229,4715047.599886956,0.7863171540589613
803112.6648963302,4715047.599886956,0.7757683817299557
803211.7474651376,4715047.599886956,0.7646835527653789
803310.8300339449,4715047.599886956,0.7524458503329046
803409.9126027522,4715047.599886956,0.7397313935152718
803508.9951715596,4715047.599886956,0.7258892945051649
803608.0777403669,4715047.599886956,0.7116592970490461
803707.1603091743,4715047.599886956,0.6966124646817564
803806.2428779816,4715047.599886956,0.6810450654658076
803905.3254467889,4715047.599886956,0.6650186794489357
804004.4080155963,4715047.599886956,0.6485976609598373
793303.4905844036,4714949.049162318,0.1505178182830022
793402.573153211,4714949.049162318,0.1567195077862806
793501.6557220183,4714949.049162318,0.16317672154000726
793600.7382908256,4714949.049162318,0.16982115650724555
793699.820859633,4714949.049162318,0.1768181891227946
793798.9034284403,4714949.049162318,0.18401809452329157
793897.9859972477,4714949.049162318,0.1914223161963083
793997.068566055,4714949.049162318,0.1992168908099089
794096.1511348623,4714949.049162318,0.20877317388630556
794195.2337036697,4714949.049162318,0.21848892116861218
794294.316272477,4714949.049162318,0.22722414550555928
794393.3988412843,4714949.049162318,0.2361475312198279
794492.4814100917,4714949.049162318,0.24395574340119808
794591.563978899,4714949.049162318,0.2517149803515181
794690.6465477064,4714949.049162318,0.2616001527866021
794789.7291165137,4714949.049162318,0.2717473831635981
794888.811685321,4714949.049162318,0.28215723749584337
794987.8942541284,4714949.049162318,0.2931018583644053
795086.9768229357,4714949.049162318,0.3075566248098071
795186.0593917432,4714949.049162318,0.3216928822386419
795285.1419605504,4714949.049162318,0.3387567875990309
795384.2245293577,4714949.049162318,0.3506413344337526
795483.3070981652,4714949.049162318,0.3598159410086278
795582.3896669724,4714949.049162318,0.37773785520374004
795681.4722357797,4714949.049162318,0.38739854121759293
795780.5548045872,4714949.049162318,0.3973516135267691
795879.6373733944,4714949.049162318,0.4086885870487015
795978.7199422019,4714949.049162318,0.4213406075590218
796077.8025110092,4714949.049162318,0.43626444587417645
796176.8850798164,4714949.049162318,0.45150729453953437
796275.9676486239,4714949.049162318,0.4745637674293071
796375.0502174312,4714949.049162318,0.49091159132946
796474.1327862386,4714949.049162318,0.5073106305293262
796573.2153550459,4714949.049162318,0.5232364175012556
796672.2979238532,4714949.049162318,0.6557057517961501
796771.3804926606,4714949.049162318,0.7141950336556232
796870.4630614679,4714949.049162318,0.7365176328731059
796969.5456302752,4714949.049162318,0.6523018569640692
797068.6281990826,4714949.049162318,0.6004556027401345
797167.7107678899,4714949.049162318,0.6171564076219207
797266.7933366973,4714949.049162318,0.6363753401673833
797365.8759055046,4714949.049162318,0.6547150565941072
797464.9584743119,4714949.049162318,0.6719695833384878
797564.0410431193,4714949.049162318,0.686362559901628
797663.1236119266,4714949.049162318,0.6961142037138793
797762.206180734,4714949.049162318,0.7104377603125679
797861.2887495413,4714949.049162318,0.7242199007661019
797960.3713183486,4714949.049162318,0.7371833286254531
798059.453887156,4714949.049162318,0.7495344437468647
798158.5364559633,4714949.049162318,0.7612394413071062
798257.6190247706,4714949.049162318,0.7720614918090624
798356.701593578,4714949.049162318,0.7837139902514606
798455.7841623853,4714949.049162318,0.7934090751111216
798554.8667311927,4714949.049162318,0.8447530574412604
798653.9493,4714949.049162318,0.9752059886075338
798753.0318688073,4714949.049162318,0.983009046714672
798852.1144376147,4714949.049162318,0.9526312370707674
798951.197006422,4714949.049162318,0.8272791279952694
799050.2795752294,4714949.049162318,0.837509994442993
799149.3621440367,4714949.049162318,0.8482599743630447
799248.444712844,4714949.049162318,0.8481161957998438
799347.5272816514,4714949.049162318,0.8523329548044344
799446.6098504587,4714949.049162318,0.8958915354563772
799545.692419266,4714949.049162318,0.9313692255349382
799644.7749880734,4714949.049162318,0.9434302125687762
799743.8575568807,4714949.049162318,0.9614661636471378
799842.9401256881,4714949.049162318,0.8980333929413005
799942.0226944954,4714949.049162318,0.870249545210921
800041.1052633027,4714949.049162318,0.8751391165180362
800140.1878321101,4714949.049162318,0.8747677924039756
800239.2704009174,4714949.049162318,0.8686379816191201
800338.3529697248,4714949.049162318,0.8781030208185918
800437.4355385321,4714949.049162318,1.0160287629852482
800536.5181073394,4714949.049162318,1.0468582311275623
800635.6006761468,4714949.049162318,1.0490715456058641
800734.6832449541,4714949.049162318,1.1498678226133685
800833.7658137614,4714949.049162318,1.100237970194373
800932.8483825688,4714949.049162318,1.0828103255359238
801031.9309513761,4714949.049162318,1.0822599259265553
801131.0135201835,4714949.049162318,0.8843606768317527
801230.0960889908,4714949.049162318,0.8722166990091395
801329.1786577981,4714949.049162318,0.8634752831057463
801428.2612266055,4714949.049162318,0.8613163305402619
801527.3437954128,4714949.049162318,0.8587599371957335
801626.4263642202,4714949.049162318,0.8560357256911656
801725.5089330275,4714949.049162318,0.8528792003556146
801824.5915018348,4714949.049162318,0.8492621638097497
801923.6740706422,4714949.049162318,0.8454190801216558
802022.7566394495,4714949.049162318,0.8410567727719795
802121.8392082568,4714949.049162318,0.8364162688560995
802220.9217770642,4714949.049162318,0.8311797873477198
802320.0043458715,4714949.049162318,0.8255977855099326
802419.0869146789,4714949.049162318,0.8193226317413531
802518.1694834862,4714949.049162318,0.812618026678735
802617.2520522935,4714949.049162318,0.805275839633444
802716.3346211009,4714949.049162318,0.797236937506401
802815.4171899082,4714949.049162318,0.7886292221216901
802914.4997587156,4714949.049162318,0.7792121851948195
803013.5823275229,4714949.049162318,0.7689264127557677
803112.6648963302,4714949.049162318,0.7577526790602309
803211.7474651376,4714949.049162318,0.7459170865778105
803310.8300339449,4714949.049162318,0.7334495213356031
803409.9126027522,4714949.049162318,0.720143657837843
803508.9951715596,4714949.049162318,0.706267971263603
803608.0777403669,4714949.049162318,0.6918677351810031
803707.1603091743,4714949.049162318,0.6767380632770207
803806.2428779816,4714949.049162318,0.6611800033611476
803905.3254467889,4714949.049162318,0.6452513235003686
804004.4080155963,4714949.049162318,0.6290119621593693
